18 50
6 8 12 13 15 16
2 4 5 6 7 12 15
3 8 10 11 16
1 3 5 13 14
1 7 11 15 17 18
1 5 6 9 17
6 7 9 12 13 14 15
1 3 5 11 13 15 17
2 4 10 11 12 17
10 11 14 15 17
2 6 7 10 11
1 5 7 9 14
1 3 11 14 16
1 4 10 11 12 13 15
6 9 12 13 14 15 18
3 4 9 10 13
4 5 11 12 13 16
2 3 10 11 17
3 4 8 13 15 16 17
5 8 9 11 15
3 4 7 15 18
2 3 5 9 13 16 17
3 8 12 13 16 17
7 10 13 17 18
7 8 13 16 17
3 5 10 12 13
3 5 7 16 18
3 7 8 10 13 15 17
2 3 5 7 10 13 16
3 4 10 16 17
3 4 9 13 15 16 17
1 2 4 7 8 11 15
3 6 7 9 12 15 16
2 11 13 14 17
1 2 3 4 5 11
3 5 6 9 11 12 16
4 5 6 8 9 15
4 8 14 17 18
2 6 8 9 11 14 18
6 8 10 13 15
3 5 6 12 15 18
2 3 4 7 10 13 14
5 11 14 15 16 17 18
2 4 5 7 10 17
1 4 6 9 10 11 12
1 3 8 9 10 11 15
4 5 6 12 13
4 6 7 12 15
4 7 12 13 15
5 6 9 12 14 16 18
8 9 5 7 9 5 6 5 6 7 7 5 7 8 6 7 6 7 6 8 9 7 6 5 7 8 5 9 7 9 6 8 6 5 9 6 6 8 7 6 9 5 8 8 9 7 6 7 7 9
