18 50
4 5 15 17 18
1 5 12 16 17
1 2 6 12 13 15
1 4 5 6 10 13 17
2 3 5 6 9 10 14
1 3 13 15 17
1 6 7 8 10
2 3 5 9 15 17
1 8 11 12 13 15 17
1 5 8 9 14 15 17
4 5 8 11 16 18
2 3 4 9 12 14
3 10 12 15 16 17
2 4 5 6 9 12 15
2 4 5 10 13 18
2 3 4 5 9 18
2 7 9 12 15 17
3 7 8 9 10 11 18
5 6 8 9 16 17 18
4 9 11 12 13 16
2 4 5 8 10 15
6 7 10 12 17
1 4 6 8 9 14 17
1 2 3 5 9 11 16
1 2 10 13 16 17
2 3 8 16 18
7 8 10 11 12 13 17
1 3 7 16 18
1 5 6 9 15 16
5 7 9 11 16
3 7 10 11 15 17
4 5 10 12 15
1 3 5 10 12 18
1 4 5 12 13 15
2 7 10 13 18
2 3 4 6 9 10 11
4 5 6 11 15 16 17
6 9 11 12 16
3 4 5 6 10 12 16
3 5 11 13 15 16 18
2 4 6 7 9 14
1 4 7 10 12 15 16
4 5 6 11 14
1 2 3 6 7 13 16
5 10 12 14 17
3 4 5 8 11 14 17
3 5 6 13 15 16
3 5 7 8 18
2 3 5 6 11 12 15
8 14 15 16 17
7 5 5 8 6 5 7 5 7 6 8 6 7 5 8 7 9 6 5 6 5 9 7 9 8 7 5 6 7 5 9 6 9 5 5 9 9 8 8 9 5 9 7 6 6 6 5 7 8 6
