20 100
1 4 5 14 16 18 19
2 3 4 7 8 19 20
1 4 5 14 20
4 8 13 17
1 8 12 13 16
12 16 18 19 20
3 7 15 18
6 11 17 18
1 5 6 11 12 18
3 4 5 12 13 18 20
1 3 4 5 8 14 15 16
6 15 16
4 6 7 10 14 15 16 18
11 14 15 18
4 8 9
5 10 11 15
1 4 8 11 12 13 17 20
8 11 16 17
6 9 10 14 20
3 6 7 8 17 19 20
3 6 7 11 13 14 15
1 3 7 9 13 14 17
1 4 6 9 13 14 18
2 3 5 9 10 11 20
1 3 18
1 2 4 5 8 12 14 18
4 6 7 18
8 9 11 14 15 16
1 5 8 15 17 20
4 11 12 13 16 19
2 5 9 10 13 19
1 6 7 8 10
6 12 16 17 19
1 4 6
3 6 8 10 12 13 15 18
5 7 8 13
2 7 10 15
15 18 20
1 3 14 20
2 4 5 15
7 8 11 14 16 17 18 20
1 4 10 11 15 17 20
1 3 4 5 10 13
2 5 6 11 12 19 20
4 6 13 16 17 18
3 8 10 15 19
6 8 16
8 12 16
2 5 7 9 16 18 19 20
1 2 3 5 10 18 19
4 5 7 9 12 14 18 20
7 8 9 15 18
1 2 6 10 14 18 20
2 5 7 14 16 17 20
2 5 6 7 9 14 20
1 14 16 18 20
12 14 18
4 7 10 11
6 10 12 16 17 19 20
8 9 15
9 16 20
2 9 10 19
4 6 8 10 11 12 13 16
10 12 14 15 16 18
9 11 15 17 18 20
1 2 7 13 14
3 4 8 12 15 18
2 4 12 14
2 3 4 5 10 13 17 20
1 4 5 10 12 14 19 20
2 5 6 13 14 18 19 20
4 7 9 15
4 9 10 12 17 19
1 2 4 13 17
2 7 13 18
3 4 10 14 17 19 20
1 4 7 14 15 17 18 20
3 9 11 15 16 19 20
1 2 4 9 11 12 16
3 4 6 8 17 19
1 4 5 12 13 15 19
6 7 18
4 5 6 16 17
5 8 11 13 14 18 19
1 9 10 13 14 16
6 8 13 15 17 19
2 12 14 18 19 20
2 4 7 11 15 16 17 18
5 10 15 18 19
3 5 8
4 9 13 15 18 19
6 8 15
8 13 20
4 5 9 12 13
4 9 10 13
1 3 4 6 7 11 17 18
7 14 19 20
4 13 16
5 7 8 10 12 17
1 2 7 8 9 17 19
7 2 4 2 6 6 3 4 2 4 2 5 4 4 9 4 4 9 5 7 4 7 6 4 5 8 6 4 8 7 4 9 4 5 2 5 7 4 4 6 2 7 9 2 5 5 3 2 8 8 5 8 6 6 8 8 7 9 6 3 5 5 8 5 8 5 8 2 3 7 6 3 4 7 7 4 5 9 7 7 3 4 9 6 8 9 9 7 3 6 9 7 2 6 5 5 5 5 9 3
