18 50
1 2 4 9 13 18
1 7 9 17
1 4 8 17 18
4 6 8 10 16 17
7 13 15 16 17
7 8 10 12 14 15
1 3 7 11 12 14
3 6 9 10 11 14
5 6 8 9 10 17
2 5 8 12 13
2 5 12 14 16 17
1 4 5 6 9
5 10 13 14 16 18
1 8 9 12 18
6 8 10 12 15
5 7 9 17
1 2 8 9 12
1 6 9 17
3 6 10 15
2 4 6 16
1 6 9 13 14 18
4 9 11 16
1 2 5 9 10 11
2 5 14 16
10 11 13 18
4 6 8 9 13
1 2 3 6 10
1 6 9 10 17
3 4 12 14
1 3 5 6 7 15
1 6 14 18
2 3 4 9
2 6 8 18
2 3 8 13
3 4 5 11 14 18
6 7 15 16 17
4 6 12 15 16 18
2 8 11 12 15
2 7 10 13 16 18
1 3 9 13 18
1 2 7 8 14 15
3 8 11 14
1 3 11 13
1 3 7 10 16
6 8 10 13 14
1 2 3 5 6 10
4 5 14 18
1 5 6 15 18
3 11 12 14 16 18
1 5 7 8 9 10
3 4 4 2 4 2 4 4 4 2 5 4 2 4 5 3 3 3 2 2 5 3 5 2 4 3 5 4 3 5 5 3 3 5 2 4 2 5 5 4 4 5 2 2 4 2 3 3 2 4
