20 100
1 2 6 12
1 2 3 4 5 8 11 14
3 4 5 10 11 12 18
1 5 7 12 16 18
2 5 6 8 14 15 19
1 3 4 6 9 13 14
6 7 9 12 15 19
3 6 9 14 18 19
1 8 9 11 14 18
5 6 11 14 15 16 20
4 9 15 16 19
3 4 6 8 14 16
3 8 10 11 18
3 6 11 18
2 5 8 9 13 14 17 18
1 2 5 11 14 16 18
3 4 6 12 13 14
1 2 3 4 6 11 14 16
2 5 7 8 10 11 13 20
1 2 8 19
1 5 8 9 10 11 14 17
1 9 13 16 17
1 2 7 12 13 15 17 20
6 14 16 19 20
7 10 11 13 15 17 19 20
3 4 5 11 15 16 19
2 3 6 7 10 16 18
1 2 4 9 10 11 15 19
6 12 17 18 19 20
4 6 10 14 15 17
3 11 12 14
2 3 7 9 13 15 17
3 5 7 9 13 16 18 20
3 4 5 9 15 16 19
1 4 6 9 10 11 18
1 3 6 8 9 10 12 13
3 6 14 16
6 11 13 15
3 4 8 9 12 14 19 20
3 4 5 7 12 14 15
5 6 8 11 13
1 5 10 11 15
2 5 14 20
5 6 10 12
1 8 9 12 15 16 18
1 3 11 14 16
1 10 18 19
6 7 11 13 17 18 20
3 5 7 17 19
3 7 11 14 19
1 9 10 14 18 19 20
3 4 10 13 17
4 5 7 8 15
1 2 3 6 7 11 17 20
5 6 14 19
1 9 10 12 16 20
2 3 7 10 12 13 15 18
8 14 16 17 20
4 5 6 9 12 13
4 5 7 9 14 19
1 3 10 12 18 20
6 11 18 19
1 2 5 13 15 17 20
2 3 12 13 14 18
2 3 6 8 9 17
10 15 16 17
2 7 9 16 18
6 7 8 20
2 6 11 16 19 20
4 5 10 11 15 16 17
3 4 12 15
1 3 4 8 14 16 17 19
1 2 3 13 14 20
10 11 17 18
2 6 8 12 13 14
2 5 9 14
1 9 11 13 18 20
7 9 10 12 14 17 18 19
6 13 14 17
1 4 11 13 16 20
7 8 11 15 18 19
1 7 9 14 19
6 17 18 19
1 3 7 11 13 14 19 20
1 2 6 8 12 13 14 19
1 4 13 14 15 16 17 19
2 3 4 15 17
3 10 12 13 15 17 19
8 13 14 15 20
4 6 7 9 13 17
5 8 11 12 17 18 20
2 9 10 12 18
2 6 7 10 16 18
5 6 14 15
1 4 11 17 19
4 10 13 16
5 6 7 12 14 15
4 10 11 14 16 18
2 7 10 12 15 19
3 7 8 10 12 13 16
8 8 8 5 4 6 3 4 9 3 8 5 6 7 6 8 6 5 7 5 6 6 9 4 4 6 9 6 3 3 3 3 9 3 9 4 6 3 9 5 6 9 8 8 4 5 6 5 6 9 7 4 4 3 8 4 7 3 3 6 3 5 3 6 3 8 3 5 9 3 9 8 4 5 4 6 5 3 3 8 7 3 5 7 4 7 4 5 8 6 6 9 8 8 4 9 4 7 4 8
