20 100
1 5 12 17 19
7 11 12 13 15 20
1 2 11 15 17
1 5 8 10 11 13 18
1 6 10 14 15 16 17 18
2 5 16
3 5 6 8 10 15 16
1 4 6 8 14 17 20
7 9 13 14
1 2 4 6 13 16
4 8 13 20
1 3 5 7 8 11 13 18
3 4 6 8 12 18 20
3 6 7 9 12 15 16 18
3 8 14
1 4 7 13 17
7 8 13 20
8 15 16 18
10 11 17
1 2 8 14 18 20
3 7 8 12 13
13 15 18 19 20
12 13 15 17 19
6 8 12
2 7 8 13 14 20
1 5 8 9 11 15 16
7 10 11 12 20
1 3 4 10 11 12 15
1 7 8 9 14 15 19
1 3 4 7
3 4 7 19
1 2 3 7 8 11 17 20
9 10 11 16 20
3 9 14 17 18 19
5 6 10 11 16 17 19
3 5 7 17 18
3 9 10 16 20
4 8 10 15 16 17
1 4 11 13 15
8 10 12 20
1 2 13 15 16 18 20
4 5 9 12 19
2 11 13 14 18 19 20
1 13 15
3 9 15 16
5 15 16
1 4 13 15 18 19
6 11 19
1 3 15 18
1 4 9 13 15 17
5 6 7 8 10 11 13 14
1 3 6 13 14 15 17 19
3 5 18 19 20
4 7 9 11 20
3 5 8 9 13 15 18 20
1 2 9 18 20
8 17 20
3 5 7 8 11 12 14 20
3 6 14 16 17 18
2 3 4 8 10
1 7 11 13 14 16
6 11 13 19
2 3 4 7 13 15 19
2 3 10 11 12 14 16 17
9 10 13 15
1 2 5 7 8 10 14 18
1 4 9 10 12 14 15
1 7 10 14
5 8 9 10 11 14 15
2 8 10 14
4 5 13 17
2 5 9 11 13 15 16 17
1 3 6 9 11 17 18 20
4 8 12 14 17 20
2 9 11 20
5 12 13 15 17 19
5 10 14 18
4 12 18
2 3 9 11 17
3 4 7 10 14 16 17
1 3 4 6 15 18
12 13 14 15 18 20
3 9 17
5 7 8 9 10 12 14 16
2 3 5 6 11 16 17 20
2 4 7 8 9 14 15 20
1 7 12 13 14 16 20
3 6 9 14
2 14 15 17 18 19
3 6 7 12 17
11 13 19 20
4 6 15
2 4 9 11 12 15 18 20
4 5 6 8 15 19
10 15 16 20
2 3 5 6 8 9 11 12
1 3 8 15 18
11 15 16
6 8 10 13 17
2 6 7 9 15
6 3 2 2 5 5 3 5 6 6 3 3 2 2 8 5 2 5 3 2 5 2 4 5 2 3 8 9 7 6 6 5 5 3 2 3 6 2 9 4 2 2 5 7 6 2 4 2 7 4 6 8 9 8 7 8 9 4 8 4 3 7 7 2 4 7 7 2 7 6 8 7 5 2 5 9 6 5 6 9 4 6 5 4 4 5 5 5 3 4 5 9 6 8 3 6 3 6 5 8
