18 50
1 2 4 12 16 18
8 9 14 15 17
4 6 9 10 16 17
2 9 11 15 16 18
2 8 13 15 16 18
1 2 3 18
2 3 6 13 17
8 10 15 17
6 10 12 13 14 18
6 10 11 12 13 18
6 8 10 12 14 16
1 7 8 9 15 16
3 5 8 9 11 12
4 6 8 15
6 7 16 18
1 4 5 13 14 17
2 3 6 7 10
2 3 11 12
1 3 6 11
6 7 8 10 13 18
1 9 10 13 17 18
4 10 12 13 14
2 5 7 9 16
9 12 16 18
5 11 13 14 17 18
3 4 10 11
8 9 11 14 16 17
7 10 14 15 18
4 7 9 10
4 5 14 17
8 9 12 18
4 12 14 17 18
5 6 14 18
2 3 5 8 9 10
1 2 5 6 10 14
6 11 16 18
1 7 11 13 18
3 6 8 10
4 5 6 15
2 7 14 17
1 2 7 13 17
4 12 13 14 15
8 9 10 16 17
1 9 11 15 17
3 10 12 14 16
8 12 14 17
1 3 5 10 11 15
1 3 5 11
1 9 10 14
2 13 14 16 17
4 2 3 4 2 5 4 2 3 2 5 4 2 4 4 2 5 2 2 4 5 2 5 4 3 5 3 4 5 3 4 4 5 5 2 4 2 5 2 3 4 4 3 5 2 3 2 5 3 5
