20 100
3 6 11 12 15 18 20
2 3 4 10 17
3 7 10 16 17 18 20
3 5 6 13 16 18 19
2 4 6 8 10 17
1 2 5 6 7 14 16 20
10 11 16 20
2 5 7 13 14 19 20
2 4 5 7 8 15
3 4 8 9 13 14 19 20
1 7 10 11 12 13 16 20
2 6 7 20
2 5 9 10 15 16 18
5 6 12 14 15 20
2 5 6 7 12 13 19 20
6 8 12 13 14 20
1 3 7 9 10 11 17 18
6 7 15 19
6 12 14 15
2 4 5 6 13 15
1 10 11 12 17
1 2 8 9 10 16 17 18
2 6 10 11 14 15 16 17
9 11 13 14 15 17
2 4 11 12 14 19
2 7 11 13 15 18
4 7 9 13 20
5 11 12 13
3 4 13 14 19
3 6 7 13 16 18
1 2 7 8 9 10 15 20
1 7 9 14 15
2 4 8 9 11 13 14 17
2 5 7 15
4 7 9 10 14 16 20
4 7 9 10 20
6 7 18 19
1 6 8 10
1 8 9 10 12 13 18
6 8 9 11
1 5 10 12 14 15 16 20
1 2 8 9 15 16 18 19
10 11 14 15 16
6 8 14 16 17
3 4 6 7 13 14 16 18
2 3 7 9 10
1 2 4 10 11 12 15 20
1 9 15 16
1 2 5 6 9 14 16 20
8 9 10 12 14 19
4 8 12 13
2 4 7 11 14 17
1 4 11 17
1 3 5 12
1 4 8 9 19 20
2 6 8 9 12 13 15 19
2 10 13 18 19
5 7 8 13 20
1 3 5 8 13 14 16
3 7 9 10 14 15
4 6 8 10
5 7 9 10 13 16 19 20
10 11 16 17 20
1 8 11 12 16 17 19 20
3 8 12 16 17
3 5 7 11 12 16 17 20
1 6 8 11 16
6 9 12 13 14 15 17 18
6 10 11 19
2 4 8 17
3 5 10 13 14 16 19
2 5 7 8 9
2 5 6 9 12 15 16 20
4 7 11 20
5 7 9 12 13 14 17 20
1 3 4 9 11 13 17
8 12 13 14 17 19 20
1 2 9 10 13 15 17
10 12 15 19
8 11 13 14 19
1 2 3 10 12 14 15 19
1 2 3 4 6 14 16 17
2 3 7 9 20
1 2 9 12 15 16 18 19
7 9 13 15 18
3 6 10 11 12 13 17 18
1 5 6 12 13 18
6 12 14 15 17 20
2 3 5 8 11 12 20
4 7 13 18
6 7 10 15 20
1 3 7 9 14 16 18
5 8 10 12 14 16 20
3 4 5 7 15 16
3 8 9 10 18
4 12 13 16
2 3 4 5 8 9 10 16
7 11 13 14 17 18 20
5 6 8 9 11 12 16
1 10 17 18 19 20
6 4 5 3 6 5 9 4 7 7 7 5 3 8 6 8 4 7 4 8 7 7 7 4 6 3 8 5 3 3 9 8 9 7 7 8 3 9 5 7 3 7 4 3 8 5 8 5 6 5 9 8 5 6 5 5 3 8 7 8 3 4 5 9 5 8 3 5 4 3 7 8 9 4 4 6 6 6 4 3 9 6 3 5 5 7 6 5 3 8 6 6 9 4 9 6 6 9 7 7
