50 500
1 7 10 11 15 16 17 19 20 22 34 35 36 37 38 39 46 48
1 2 3 4 5 7 16 17 18 21 30 35 38 41 42 43 48
3 6 7 8 10 11 14 16 26 32 35 39 40 41 42 45 46
1 3 4 7 8 10 16 20 25 31 32 34 36 41 42 45 48
4 5 8 9 10 11 16 22 27 28 30 31 33 40 41 50
4 5 11 14 19 21 23 26 27 29 33 34 39 40 48 50
1 3 6 7 12 15 16 18 20 27 33 34 35 37 39 43
11 13 14 16 18 25 26 30 33 34 35 40 42 44 49
1 3 7 12 14 15 20 21 29 34 37 39 44 47 50
3 10 13 16 22 27 29 31 32 33 37 39 43 47 50
1 2 8 12 15 16 25 27 32 34 35 36 40 42 45
1 3 8 13 15 16 17 19 22 25 37 42 43 44 50
11 17 27 28 32 34 35 38 40 41 42 43 45 46 47
7 8 9 18 21 25 26 30 31 39 41 44 48 49 50
1 2 3 5 8 13 18 22 27 29 34 36 44 45 46
1 5 10 12 14 16 19 20 30 31 41 44 46 47 48
6 7 9 11 13 15 28 29 31 36 37 40 41 49 50
5 6 11 16 18 23 25 28 32 39 40 41 42 43 44
4 15 16 21 22 26 33 34 37 38 41 43 45 49 50
1 9 14 15 17 20 22 24 28 29 30 34 35 44 45
2 10 13 14 18 21 23 24 28 29 31 33 37 44 46
1 5 6 9 15 18 22 24 26 28 34 35 39 43 46
1 3 14 19 24 25 26 28 33 34 36 44 49 50
1 3 7 10 13 18 19 28 34 37 39 42 43 46
3 6 7 9 20 23 29 31 32 33 41 43 46 50
2 4 7 9 10 13 18 26 29 30 34 37 42 43
3 6 7 8 10 12 14 20 21 23 25 31 32 46
1 3 7 10 14 15 26 27 30 31 33 42 49 50
7 12 14 16 22 26 29 30 33 34 41 43 46 50
2 8 9 12 17 22 30 32 35 38 39 45 48 49
5 6 7 8 10 16 24 31 32 33 34 35 36 37
5 6 12 15 18 20 23 24 25 27 30 31 40 47
1 8 9 15 18 23 25 29 30 31 42 44 46 50
1 3 7 9 10 14 20 25 27 28 35 37 42 45
3 5 6 9 10 13 15 16 18 24 31 33 36 42
1 2 6 11 17 22 24 32 34 37 39 41 42 45
1 2 4 10 24 27 29 32 33 39 41 44 45 49
1 2 7 8 11 14 22 23 28 40 41 43 45 50
1 5 6 17 20 29 30 31 32 33 35 39 40 49
5 11 14 16 23 25 32 33 36 37 40 41 46 49
3 4 7 10 15 17 23 31 33 35 36 37 40 41
3 7 8 15 17 22 23 26 27 29 31 35 47 49
2 3 5 6 7 11 12 16 18 20 23 26 29 45
3 6 8 9 14 17 24 25 26 28 33 37 40 42
3 7 13 18 24 26 28 30 32 33 43 47 48
4 6 7 8 11 14 22 23 24 45 46 49 50
2 9 10 13 14 27 28 30 32 35 37 44 48
1 6 10 11 12 13 26 30 37 39 40 44 50
4 8 14 16 20 23 27 28 29 39 43 45 48
2 5 7 8 10 11 28 30 33 34 44 46 47
1 2 8 10 12 13 14 15 21 24 31 32 38
1 4 8 9 16 21 24 30 36 38 42 47 50
9 11 12 15 22 24 26 30 32 34 40 48 49
4 5 16 17 18 19 23 30 35 40 42 47 48
1 3 18 21 23 24 26 30 31 36 38 47 50
2 7 13 15 16 18 22 31 41 43 44 45 46
7 9 14 16 17 18 20 23 25 36 37 45 48
3 16 20 21 23 25 26 27 28 31 32 39 49
1 3 5 7 8 12 14 21 29 31 42 47 49
1 2 10 14 19 24 29 36 38 39 42 45 49
4 6 7 12 13 22 29 35 38 41 42 43 50
5 6 9 16 23 30 32 33 37 42 43 46 49
5 7 8 15 19 22 24 25 30 32 37 39 44
3 5 10 11 18 24 26 30 31 35 40 47 49
4 12 19 21 22 23 31 33 43 44 46 47 50
2 7 11 18 22 24 30 33 34 35 39 48 49
3 9 12 18 19 29 31 32 33 35 43 44 50
1 8 9 11 14 15 18 20 26 28 35 42 50
3 5 7 11 13 20 22 28 38 41 44 45 46
2 3 16 20 21 26 28 34 36 37 42 45 46
7 9 11 12 24 26 27 28 35 37 38 46 48
5 7 19 22 25 26 27 28 34 35 39 40 44
1 9 10 13 19 23 31 32 35 40 41 45 49
4 8 9 20 25 26 27 28 30 35 41 49 50
4 5 6 15 17 18 19 24 28 30 43 46 47
7 12 17 19 23 24 30 33 34 36 44 46
5 6 8 19 24 27 30 31 34 35 38 39
1 2 12 16 17 18 28 35 37 43 48 50
4 8 9 10 18 21 25 27 29 46 48 50
1 11 13 18 21 22 29 30 31 35 37 44
5 10 12 23 26 29 33 35 40 48 49 50
1 3 7 12 20 22 26 28 35 40 41 47
1 3 6 14 24 26 29 33 36 37 49 50
5 12 13 14 15 18 27 28 36 44 45 50
3 8 13 19 20 34 35 36 37 41 48 50
1 4 7 15 21 26 34 36 39 40 46 47
3 5 8 15 19 24 25 26 32 33 40 46
7 11 13 15 18 25 33 36 37 38 39 40
2 5 7 9 16 19 21 35 40 44 46 49
3 11 12 13 19 21 22 25 26 30 38 47
1 2 4 7 13 20 22 23 30 42 44 46
3 14 18 22 23 24 30 31 33 34 36 46
2 7 8 23 24 26 29 34 35 38 41 45
1 3 5 8 20 35 38 39 40 41 46 47
1 4 5 10 14 23 27 31 33 34 47 49
1 2 5 12 14 15 25 36 44 46 48 49
2 7 8 12 19 22 25 26 27 30 47 48
1 5 6 11 14 22 25 28 31 36 38 41
1 7 20 25 26 28 29 31 37 39 44 48
2 3 10 12 14 16 22 33 37 40 45 48
3 4 7 10 12 13 20 25 26 36 40 49
4 6 11 14 18 21 24 25 32 37 39 43
7 14 15 17 20 26 29 32 34 39 40 44
10 15 16 23 35 36 37 40 41 42 47 49
4 12 14 25 30 33 38 40 41 43 49 50
5 7 17 22 23 25 30 40 41 42 49 50
13 14 19 22 24 26 34 40 42 43 44 50
5 9 10 17 20 25 34 35 36 37 43 49
7 8 10 11 19 23 24 31 32 37 43 48
6 12 15 21 22 26 28 30 32 37 40 45
1 16 23 33 35 37 38 39 41 45 47 50
4 6 11 12 24 25 27 31 38 39 46 49
2 3 6 19 25 26 29 32 42 45 46 49
11 13 14 15 16 17 27 28 29 33 35 50
9 16 17 19 27 28 30 32 33 34 39 50
4 7 9 16 17 20 21 31 40 41 42 49
6 10 12 15 17 26 27 29 31 39 42 46
3 7 8 14 15 18 19 27 28 33 35 45
1 2 8 15 19 22 23 27 41 43 45 47
10 11 15 21 23 25 34 42 46 47 48 49
1 3 7 8 17 25 26 27 35 42 45 50
1 5 6 8 9 12 13 18 20 22 27 45
10 13 16 21 23 24 34 38 40 44 45 47
4 12 13 14 21 23 25 26 32 35 40 43
4 8 10 15 16 22 28 37 40 42 47 49
4 5 8 10 11 16 18 19 20 40 42 49
5 8 10 20 27 28 33 36 38 41 42 47
5 9 12 16 19 24 29 30 32 37 42 43
7 10 13 16 21 24 27 30 39 40 47 50
9 14 16 19 20 22 27 32 35 36 47 49
2 5 6 13 17 20 31 32 33 46 47
1 13 16 17 18 23 28 32 33 46 50
2 15 18 22 24 25 27 29 37 42 47
4 7 10 13 18 24 27 32 35 37 49
1 8 20 24 26 34 36 40 42 46 49
5 10 18 22 23 33 37 43 45 47 49
6 10 13 16 17 27 31 35 38 43 49
6 9 11 13 14 19 20 22 26 33 44
1 6 7 14 17 20 26 31 32 33 45
4 6 18 23 27 30 37 41 42 45 48
4 10 13 16 25 29 30 32 37 41 49
3 4 12 15 19 21 26 27 28 38 44
3 5 6 8 9 12 27 32 38 39 40
1 8 14 15 17 23 24 33 36 47 48
4 6 12 13 26 28 36 40 42 47 48
4 7 9 10 15 17 20 21 24 31 44
7 13 22 28 35 37 40 41 42 43 44
1 14 20 21 28 31 32 37 39 43 44
4 11 14 15 16 20 24 25 33 35 37
1 10 18 19 21 29 31 32 37 47 48
2 18 23 25 27 30 33 37 38 40 50
2 5 6 7 31 37 40 41 42 48 49
2 5 6 7 16 20 21 29 30 33 35
2 6 10 11 14 18 23 29 43 45 46
2 4 14 22 23 24 29 33 34 35 50
4 6 8 13 17 23 25 31 35 42 45
9 12 13 14 23 30 33 36 44 47 49
4 7 9 13 17 25 27 29 31 36 49
4 5 6 18 19 21 25 29 30 42 45
4 5 11 17 18 27 34 43 44 47 48
3 11 13 25 28 32 34 37 40 45 48
3 9 11 13 14 22 24 29 31 34 39
3 14 20 22 25 27 31 36 38 43 46
13 15 16 17 19 22 27 29 30 44 50
5 9 15 20 32 33 42 44 45 48 50
5 7 12 16 19 26 27 32 39 40 42
13 17 18 21 22 23 25 27 39 43 50
3 5 13 21 23 28 36 40 41 44 49
2 3 7 8 10 20 24 26 36 43 47
2 4 5 15 20 21 25 33 34 39 44
1 11 12 19 24 25 26 39 42 47 50
2 21 23 24 30 31 34 35 38 45 46
6 12 23 31 32 34 35 36 44 47 49
1 3 5 12 16 18 22 25 42 45 46
1 2 24 27 30 32 39 41 42 43 44
5 7 8 10 11 14 21 26 47 49 50
3 7 14 16 17 25 29 31 32 40 47
2 5 6 7 11 17 28 41 42 44 46
5 14 16 17 18 21 26 32 33 45 47
5 7 13 14 16 19 20 24 28 33 44
4 14 15 24 28 29 34 41 44 47 48
4 10 12 23 31 32 36 42 43 44 50
3 5 7 10 12 13 28 31 32 38 46
9 11 19 20 21 32 35 37 42 44 49
10 14 16 21 24 27 33 42 43 46 49
5 15 20 23 35 36 39 41 45 46 50
4 5 13 15 22 27 36 41 42 44 49
2 7 11 17 22 25 33 35 38 41 45
1 5 8 30 32 33 36 39 42 44 46
3 4 6 7 16 20 21 23 29 31 49
1 3 5 8 10 17 23 26 30 31 50
1 17 19 24 26 28 33 35 37 46 47
2 3 9 17 19 22 28 30 45 46 48
7 8 10 14 26 28 29 37 41 47 48
8 13 16 17 23 31 32 38 39 42 43
6 9 16 18 21 36 38 41 43 48 49
6 8 9 13 16 17 20 35 40 43 44
7 8 9 35 36 38 39 40 44 45 48
4 8 11 15 28 34 38 40 47 49 50
3 4 6 10 19 24 26 28 38 39 45
4 5 7 14 16 22 26 34 36 37 49
8 10 13 27 28 30 31 38 43 45 47
4 6 9 21 30 31 36 39 43 46 48 49 50
1 3 5 6 7 8 11 12 13 16 20 21 23 26 29 31 37 40 44 47 48
1 3 4 5 10 13 14 16 17 18 19 21 30 34 38 46
9 11 12 16 17 19 20 23 24 25 26 28 36 43 48 50
3 11 15 16 18 25 26 34 39 43 50
3 5 6 21 25 34 38 39 40 45 47
8 10 11 17 20 22 24 27 32 37 42
1 2 14 15 17 26 29 36 39 47
5 8 15 20 21 24 30 38 47 49
16 22 23 25 26 28 30 37 41 42
14 16 19 22 30 36 40 42 43 44
1 12 16 17 21 22 34 36 45 46
12 26 28 30 32 36 41 43 48 50
7 8 12 14 19 22 26 34 47 50
1 4 12 13 14 26 28 30 33 39
9 11 13 14 20 25 36 41 42 48
8 9 12 14 17 18 19 29 38 49
5 9 12 15 16 19 21 23 26 27 29 31 33 34 35 36 39 40 41 50
4 7 8 15 20 25 28 34 35 48
3 7 10 18 20 26 41 42 43 45
3 4 10 21 25 33 34 46 48 49
6 13 17 18 19 22 25 28 31 41
3 4 5 6 9 11 12 13 14 15 19 21 23 24 25 26 29 30 34 35 37 38 41 43 45 49
1 8 17 19 22 24 26 27 28 29 31 32 33 35 36 41 42 43 44 49
2 3 6 7 8 9 10 14 17 18 21 22 23 24 25 28 34 39 40 41 42 45 46 48
5 6 7 8 10 12 14 15 16 20 21 24 29 37 39 42 47 48
1 3 5 11 13 14 15 16 17 21 22 24 25 26 30 33 48
6 11 16 19 29 34 35 38 45 50
6 10 17 18 19 20 31 35 43 45
1 3 5 7 8 19 36 40 46 47
2 8 9 13 25 34 35 36 37 38 42 43 44 45 46 50
1 3 4 6 11 12 16 19 20 23 25 27 32 35 36 37 38 43 45 46 48 49
1 4 5 9 10 11 13 15 16 17 18 22 23 24 25 26 31 37 38 39 40 41 42 45 46 47 49 50
3 4 5 7 10 15 17 20 21 22 23 24 32 33 36 37 38 39 40 42 45 47 48
1 12 14 21 22 28 29 30 32 33 35 36 37 42 43 45 46 47 49
1 3 6 11 14 15 18 19 20 22 27 28 31 33 34 35 40 44
4 8 13 21 26 27 30 41 42 43 48 50
6 12 14 19 26 36 38 41 44 45
1 8 9 24 25 27 30 35 48 49
3 4 9 15 16 18 19 20 22 27 32 33 34 35 36 40 41 42 43 44 49
1 3 4 6 9 10 12 13 14 16 17 18 21 23 25 31 33 36 37 38 39 40 41 42 46 50
4 7 8 13 14 15 22 25 27 30 31 32 38 39 43 44 45 47 48
1 3 4 5 6 10 11 13 14 17 18 19 20 21 22 24 27 33 34 36 37 42 43 44 45 49
1 5 8 9 10 11 14 16 18 19 24 26 31 35 40 43 44 50
1 2 4 6 8 9 18 23 24 25 28 29 30 31 32 33 34 35 45 48
3 5 6 7 11 14 22 23 26 30 31 32 35 37 38 39 40 45 46 47 48 49
3 4 5 14 15 16 17 19 20 21 25 29 30 32 37 38 41 44 45 46 49
3 4 7 9 11 12 13 24 25 26 27 28 30 32 34 35 36 41 50
1 5 7 8 15 17 18 21 27 35 38 39 41 42 47 48 49
4 10 11 12 15 16 27 28 30 31 32 34 35 38 39 40 44 45 46 47 48
5 6 11 13 14 18 19 20 21 22 24 25 27 31 37 39 43 45 46 49 50
1 3 4 11 12 15 16 17 18 19 20 26 28 31 41 42 43 47 49
1 6 9 10 11 14 17 18 19 22 25 26 27 29 31 32 33 34 39 40 41 43 48 50
3 5 7 8 12 13 15 16 17 19 23 24 25 26 27 28 29 30 31 32 41
3 4 5 15 16 18 20 21 22 25 26 29 30 37 38 41 43 44 45 46 47 50
3 4 8 14 15 17 19 22 24 25 26 27 28 30 33 34 35 38 39 40 41 42 43 44 45
3 9 15 16 17 19 20 23 28 30 31 32 33 34 37 41 42 43 49 50
2 3 5 6 7 8 10 13 15 16 19 20 23 28 29 31 36 37 39 40 44 45 46 47
1 2 3 4 5 6 12 20 23 30 35 39 42 45 46
3 4 9 10 11 17 22 24 25 27 28 29 35 37 39 41 43 45
1 2 7 8 9 10 11 20 21 22 25 26 31 34 37 40 44 46 47 48 49 50
5 7 10 15 16 18 20 21 22 23 24 28 29 31 32 33 34 36 37 39 40 44 45 46 48
1 3 5 8 11 13 14 16 20 24 26 27 29 30 34 36 37 38 44 46 49 50
1 3 4 8 9 11 12 13 14 15 16 17 18 19 22 27 28 32 33 34 35 36 38 40 41 43 44 48 50
1 2 5 8 9 10 13 14 15 17 18 22 23 25 29 31 33 34 38 40 43 45 50
1 2 5 7 8 12 13 15 16 19 21 23 24 25 28 29 31 32 35 36 38 39 40 47 48
5 12 13 14 19 21 22 24 25 27 29 30 34 38 40
1 3 4 6 11 16 17 18 19 20 27 28 32 33 35 36 39 41 43 44 45 47 49
1 2 3 4 6 9 10 11 23 25 31 33 34 38 39 41 42 48 49 50
3 4 5 7 16 19 20 21 23 24 27 28 32 41 44 47 48 50
3 4 5 6 10 11 12 13 14 22 24 25 26 34 37 38 42 45 46 49 50
3 4 7 10 13 16 19 20 25 27 28 35 36 39 40 43 44 47
1 2 6 9 10 11 14 17 18 24 26 31 33 34 38 39 41 42 46 47 49 50
4 6 7 8 11 12 13 15 28 29 30 39 44 47 48
2 6 7 10 15 19 20 21 22 25 27 29 30 35 37 38 42 43 45 46 50
3 4 8 11 12 14 15 16 18 24 26 27 28 33 34 35 40 41 43 44 45 47 48 49
1 2 7 9 12 14 17 18 22 25 26 29 30 31 33 34 35 39 41 42 47 48 49 50
2 5 6 7 8 12 13 14 15 16 20 21 22 23 24 31 33 36 37 38 39 40 45 48 49
2 4 5 8 11 12 13 14 22 23 26 34 37 38 40 49 50
3 5 13 18 23 26 32 33 34 35 36 37 38 40 41 43 46 47 49
1 7 9 11 13 14 18 25 26 38 41 42 46 49 50
3 4 5 6 7 11 13 15 18 19 37 39 45 46 47
1 2 5 6 18 19 22 29 30 34 37 41 42 44 45 46
2 6 7 8 9 10 11 12 16 17 18 19 20 25 26 27 28 30 32 33 34 35 36 41 42 43 44
1 2 3 7 8 9 16 17 18 30 33 34 37 44 45 46 49 50
4 5 7 8 11 13 15 19 21 22 23 24 25 27 37 38 44 45 48
5 10 11 13 14 15 21 30 34 37 38 39 41 45 49 50
2 3 4 9 15 18 39 40 41 44 48 49 50
1 2 3 4 6 9 10 11 15 16 17 27 30 33 34 37 39 46 48 49
2 3 10 12 15 16 18 21 23 24 29 31 36 37 39 43 45 47
2 3 5 9 10 11 12 13 19 21 26 27 29 33 35 37 40 42 43 45 46 50
1 2 3 8 9 11 15 17 18 19 25 27 33 34 35 40 41 42 43 46 48 49
1 4 7 9 15 17 18 22 23 25 30 31 33 34 36 37 38 39 41 46 47 49
4 5 7 8 11 12 13 15 20 21 22 23 26 28 29 30 31 36 37 39 41 44 45 47 48
2 3 5 9 11 13 19 21 25 26 27 28 29 30 35 37 38 43 45 46 50
1 3 4 6 8 9 10 11 16 17 19 24 25 27 33 34 35 41 43 49
1 2 6 7 9 10 13 14 15 16 21 23 24 25 30 31 33 34 36 45 49 50
7 8 12 13 14 16 17 18 21 22 23 24 29 31 32 34 36 37 38 45 47 48 49
3 5 6 9 10 11 13 20 21 22 23 25 28 29 30 31 33 35 40 41 43 44 45 46 48
1 2 3 4 7 9 10 17 18 19 20 23 25 26 27 28 33 34 39 40 41 42 43 44 48 49 50
1 2 4 5 7 12 16 17 18 20 22 23 24 25 26 28 29 30 31 39 40 41 42 46 47 48 49 50
3 5 14 15 16 17 20 22 23 24 25 27 29 34 37 38 39 40 44 45 46 47 48
1 3 11 12 13 14 18 19 20 21 22 27 31 32 35 36 37 38 41 43 44 45 46 49
1 3 6 7 8 9 10 11 12 18 23 24 33 34 35 41 43 50
1 6 8 9 11 17 18 23 24 25 26 27 29 31 32 33 34 39 40 41 42 45 47 49
5 6 7 8 13 14 15 16 21 22 29 30 31 32 34 36 38 39 40 46 47
2 3 4 5 6 10 11 12 13 14 17 28 29 31 32 33 34 41 43 46
8 11 12 18 19 20 24 27 28 31 33 35 36 40 41 42 43 45 46 47 50
14 17 18 19 24 30 31 32 37 38 39 42 45 46 48 49
7 8 9 10 18 20 22 23 24 31 35 38 49
3 4 9 10 12 18 19 20 21 22 23 24 28 35 37 41 42 43 49
1 5 11 12 19 25 27 28 31 32 35 36 37 39 41 42 43
5 11 14 15 16 17 20 29 32 33 38 39 41 42 46
5 6 9 11 15 16 26 28 31 32 34 38 40 43 50
2 10 16 18 22 23 26 27 28 29 30 31 32 34 35 37 38 39 43 44 45
12 14 16 17 18 19 20 23 24 25 31 32 35 36 42 43 44 47 49
1 5 6 7 12 13 21 24 33 40 41 45 46 47 49 50
3 7 8 20 23 24 28 34 35 36 39 40 41 48
1 8 11 12 18 23 26 27 29 34 35 36 37 38 39 40 42 44 45 46 47
1 3 9 12 16 18 19 20 32 34 36 39 40 42 48
1 2 7 9 15 17 22 23 24 25 28 31 33 36 37 38 39 41 42 46 47 49 50
3 5 7 8 12 13 15 16 18 21 23 24 28 29 31 37 39 42 43 44 45 47
3 5 11 13 14 17 19 21 27 28 29 30 31 34 35 37 43 45 46 48 50
1 3 5 7 8 9 11 16 17 19 23 24 25 26 27 30 32 33 35 36 40 41 43 48 49
1 2 6 7 9 14 15 17 22 23 25 26 27 30 31 33 38 39 41 42 44 47 49
5 6 7 9 12 13 14 15 20 21 23 27 29 30 31 35 36 37 39 44 45 47
1 2 3 5 11 13 17 19 21 23 27 29 34 35 37 38 39 42 43 45 46 49 50
1 9 10 11 14 16 17 19 20 22 26 29 31 35 36 37 43 44 48 49
3 7 9 10 12 13 15 17 18 21 22 23 30 31 32 33 34 37 39 41 42 44 45 46 47 50
4 6 7 8 14 15 16 17 19 21 22 24 29 30 31 32 37 38 39 40 42 43 45
3 4 5 6 11 12 13 14 19 22 26 27 28 29 30 32 34 35 36 37 38 42 43 50
2 3 4 5 8 9 10 11 12 15 17 18 25 26 27 28 30 32 33 34 35 36 37 39 41 48 50
1 2 8 9 10 13 15 16 18 22 23 24 25 26 31 32 33 34 37 39 40 47 48 49 50
4 5 6 7 8 13 21 22 23 24 25 26 29 30 31 32 33 35 37 40 42 46 47 48
2 4 5 6 9 11 19 20 21 22 25 26 27 28 29 30 35 39 40 43 44 45 46 50
1 2 3 4 5 9 17 18 19 20 25 26 27 28 29 31 33 39 41 42 43 44 45 46 49 50
1 2 3 5 7 16 17 18 23 24 25 26 29 31 39 40 41 42 46 47 48 49 50
3 5 9 13 14 15 16 17 18 21 22 23 24 27 29 32 33 34 37 38 39 40 45 46 47 48
1 3 4 11 12 13 14 16 19 20 21 22 27 35 36 37 38 43 44 45 46 49 50
1 7 8 9 10 11 12 14 17 18 19 20 23 25 32 33 34 35 36 40 41 42 43 44 46 47 49 50
8 9 10 13 16 17 18 21 23 25 28 29 31 32 33 34 38 40 41 42 43 44 47
5 6 7 8 14 15 16 18 19 21 26 30 31 32 36 38 39 40 43 45
3 4 5 6 8 9 11 12 13 14 18 19 21 24 28 29 30 34 36 37 38 41 43 50
2 3 4 8 10 11 12 15 17 18 25 26 27 28 29 31 32 33 34 35 36 41 45 50
1 2 6 8 9 10 11 13 15 16 24 25 26 30 32 33 34 35 37 39 41 45 48 49 50
6 7 8 10 13 14 21 22 28 31 32 37 39 44 45 46 49
1 9 10 11 13 15 18 19 26 29 30 32 34 36 37 38 47 50
1 3 4 7 9 12 13 27 28 29 33 34 36 38 39 41 46 49 50
1 2 4 6 7 8 9 10 15 22 23 24 25 26 28 30 31 32 33 34 36 39 47 48 49 50
4 6 7 8 11 13 14 16 17 18 21 22 23 24 28 29 30 31 32 35 37 41 46 47 48 50
4 5 6 9 11 19 20 21 22 26 27 28 29 30 33 35 38 43 44 45 46 47 50
1 2 3 4 5 9 12 17 18 19 20 25 26 27 28 31 33 42 43 44 48 50
1 2 5 7 9 10 15 16 17 18 23 24 25 26 28 30 31 33 37 39 40 41 42 43 47 48 49 50
5 11 13 14 15 16 19 21 22 23 24 28 29 31 32 34 38 39 40 47 48 49
3 7 8 9 11 12 13 14 19 21 23 24 26 29 30 34 35 36 37 38 40 42 45 46 49
2 3 4 9 11 14 17 19 20 21 22 32 33 34 35 36 40 43 44 45 48 49 50
1 2 3 5 7 8 9 10 15 16 17 18 21 23 30 31 32 33 34 39 40 41 42 43 44 45 47
3 5 6 7 8 13 14 15 16 19 21 23 29 30 31 32 36 37 38 39 40 43 44 46
1 9 10 11 12 13 14 17 20 23 25 31 44 45 46 49
2 11 12 13 15 17 19 22 27 28 35 37 39 40 41 42 43 44 45
4 7 8 11 13 15 19 22 23 24 25 26 29 33 34 45 49 50
2 6 7 8 12 13 15 16 17 19 20 21 22 27 28 29 30 31 40 50
2 3 4 5 6 8 12 13 14 15 16 21 22 28 35 36 37 38 42 49
1 3 4 7 15 19 20 24 27 28 33 34 35 42 47 48 50
4 6 7 9 14 25 26 33 34 38 41 42 45 46 49 50
3 13 18 23 24 28 29 30 33 36 38 40 42 43 45 47 49 50
3 7 18 19 20 21 27 28 29 30 35 39 44 50
1 2 3 4 5 7 11 13 17 19 22 27 28 33 37 42 43 44 50
1 2 6 8 9 10 12 14 16 17 18 21 22 23 24 25 27 30 31 32 33 34 38 40 41 42
2 4 5 6 7 8 12 15 16 18 19 21 23 31 32 36 38 39 40 43 44
5 8 9 13 14 18 19 20 21 22 31 32 34 36 37 38 44 45 46 48 49 50
1 2 3 8 9 11 16 17 19 24 26 27 28 29 30 31 33 35 37 40 42 43 44
3 6 7 9 10 11 12 14 16 17 18 26 27 31 33 35 38 39 40 41 42 45
1 3 7 9 11 13 14 15 16 19 25 26 27 29 31 33 38 39 40 42 49
3 5 8 13 14 16 19 21 24 27 29 32 34 37 38 39 41 43 44 45 46 48 49 50
1 2 3 4 5 6 7 11 12 15 19 20 21 23 25 26 27 28 32 41 43 44 45 47 48
1 2 4 5 7 9 11 17 18 20 21 22 23 24 25 26 28 37 39 40 41 42 46 49 50
2 5 6 7 8 9 14 18 19 22 27 28 29 32 44 45
2 3 9 10 13 26 29 30 31 35 38
7 9 11 14 16 17 19 20 23 29 33 35 37 38 41 42 43 46 48 49
2 6 7 9 10 11 14 15 16 17 18 21 22 29 30 33 34 43 45 47 48 50
1 4 7 8 11 19 23 26 27 32
9 12 14 15 18 21 22 26 28 37 38 40 42 44 48 49
3 7 13 16 27 33 46 47 48
8 9 18 19 21 23 40 46
3 10 13 14 15 19 27 28 30 31 38 39 43 45 46 47 48
3 4 5 6 8 10 27 28 29 31 33 38 41 44 45
2 3 5 10 11 12 15 16 17 18 19 20 31 33 41 42 43 48 49
8 9 14 16 17 21 25 26 29 31 32 33 34 36 45 46 47 48 49 50
5 6 7 18 19 20 22 23 28 29 34 36 39 40 44 47 48 50
7 11 20 21 22 23 33 35 36 37 40 49 50
1 9 14 15 16 17 18 19 20 24 27 28 29 30 33 34 35 36 46 47 48 50
1 2 5 16 21 23 24 25 26 31 33 34 40 41 44 46 49 50
3 5 6 7 8 10 14 15 16 18 19 20 21 22 23 24 35 39 42 47 48 49
1 3 5 6 9 10 11 13 14 21 26 27 29 34 35 37 39 40 42 43 45 46 48 50
3 9 11 13 14 17 19 21 24 25 27 28 32 35 38 41 43 46 49 50
1 6 7 9 10 11 16 17 22 23 25 28 30 31 33 35 38 41 42 46 48 49
3 8 10 12 13 15 20 21 23 24 28 29 31 32 35 36 40 42 44 47 48
5 6 9 10 11 17 21 23 24 26 27 29 30 35 36 37 38 42 45 46
1 7 8 9 11 12 16 17 19 20 21 25 27 28 35 36 38 39 41 43 44 47 49
1 2 4 6 7 9 10 12 13 15 19 28 29 33 34 39 40 41 42 43 45 47 49 50
4 5 7 8 12 13 14 15 16 20 23 24 26 31 32 35 39 40 45 46 47 48
2 3 5 6 9 16 19 20 21 22 27 29 30 34 35 37 38 39 48 50
1 3 4 8 9 11 12 16 17 19 20 21 23 24 30 32 33 35 40 46 48
1 2 9 10 13 16 17 18 20 22 23 25 26 31 32 33 35 38 39 40 41 42
4 7 8 9 11 12 14 15 16 20 21 23 27 28 29 31 32 33 37 39 43
2 5 6 12 13 14 20 21 22 24 27 29 30 35 37 38 43 44 45 46 50
3 4 5 7 11 19 21 24 27 28 32 34 35 36 40 43 44 46 47 49
1 4 5 9 13 16 17 18 23 25 30 33 34 37 38 41 46 47 48
5 7 9 11 12 15 16 17 23 28 29 31 33 36 37 39 45 47 48
2 5 7 9 10 11 12 13 18 19 21 24 26 27 29 34 37 43 45 48 50
1 3 8 9 10 11 15 16 17 19 27 28 33 34 35 38 40 42 43 44 47 49
1 6 7 9 14 15 17 18 22 25 26 28 30 31 33 39 40 41 44 49 50
1 4 7 8 11 12 19 21 23 25 26 28 31 32 36 37 39 40 43 44 47
10 11 13 19 21 23 25 26 27 28 29 35 37 38 39 42 43 45 47 50
1 3 7 9 11 16 17 19 24 25 27 32 33 35 39 40 41 43 44 46 48 49
1 6 7 9 12 14 15 17 20 22 23 25 27 30 31 33 35 39 41 45 46 47 48 49
4 5 6 7 8 12 13 15 16 20 21 23 28 29 31 34 36 37 39 41 44 45 47
3 5 10 11 13 16 17 19 21 27 28 29 35 36 37 40 42 43 45 46
1 3 8 9 11 14 16 17 19 20 27 28 31 32 35 40 41 43 48 49
1 9 10 11 13 14 17 19 23 25 29 32 33 34 37 40 41 42 46 48 49 50
4 5 7 12 13 15 18 23 24 26 27 28 31 39 40 43 44 46 47 48
4 5 6 12 13 14 17 18 19 21 24 27 29 31 34 37 38 43 44 45 47 50
3 4 8 11 15 18 19 20 22 33 34 35 40 41 42 43 45 48
1 2 4 7 8 9 17 18 21 25 26 30 33 34 38 41 44 46 47 48 49
4 5 7 11 14 15 16 17 20 21 23 25 28 31 32 39 41 44 45 47
2 3 5 9 10 13 14 17 18 19 21 24 26 27 29 35 37 38 40 42 45 46 48 49
1 2 3 8 9 11 16 17 19 20 24 27 28 32 33 35 41 43 46 48 49 50
1 6 7 8 9 12 14 15 16 17 22 23 25 29 30 32 33 34 37 40 43 46 49 50
2 4 7 8 13 15 16 18 20 21 23 24 25 30 31 32 35 39 40 45 47
6 11 18 21 22 27 29 31 33 36 41 43 45 46 49 50
1 7 9 11 12 16 17 20 23 24 25 27 28 32 33 41 42 43 44 48
1 2 6 7 8 9 10 17 18 21 22 25 29 30 34 35 37 44 45 46 47 48 49 50
2 5 6 7 8 13 15 16 20 21 23 25 39 40 44 47 48
1 12 13 14 17 18 21 23 25 33 35 36 37 38 41 43 44 45 46 48
2 3 4 6 8 9 11 16 17 19 22 24 27 28 32 33 34 35 36 40 43 44 48
1 5 8 9 10 14 15 17 21 22 25 26 28 29 31 33 39 40 41 46
5 7 8 12 15 19 20 23 24 25 26 28 29 31 37 39 40 47 48
2 3 5 10 11 13 18 21 22 24 27 28 29 30 33 35 37 41 43 44 45 46 48 50
3 4 8 11 12 16 17 19 22 24 25 27 28 32 33 35 36 39 40 43 45 48
1 2 3 9 10 14 15 19 23 25 26 30 33 34 37 39 41 49 50
1 2 7 8 13 15 16 21 23 28 29 31 36 39 42 47 49
20 32 34 41 43 45 46 49
1 3 4 8 11 12 15 19 20 21 31 40 43 44 47
9 13 15 17 20 22 23 25 30 31 33 35 41 42 43 44 46
4 13 15 16 18 19 22 36 39 40 41 43 46 47
2 3 13 16 17 18 19 21 26 27 29 34 35 37 42 45 50
3 4 8 11 13 16 17 18 19 21 23 31 32 35 36 39 40 43 45 46 48
1 2 3 5 7 9 13 20 23 24 25 30 31 33 34 37 41 45 46 47 49
5 6 7 12 13 15 20 21 27 28 29 31 35 36 39 40 44 45 47 48 49
1 5 13 21 26 27 29 30 33 34 35 37 45
3 4 5 9 10 17 18 19 23 26 31 32 35 36 39 46
16 20 27 28 29 31 33 37 39 41 45 47 48 49
15 16 17 18 42 46
6 8 14 33 34 35 37 39 41 43 46 49
3 6 12 27 34 35 44
3 13 25 33 46 50
4 21 28 32 35 36
5 6 36 37 44 45
4 7 9 29 35 43
17 23 24 36 42 44
5 12 13 14 21 22
7 20 28 31 40 50
1 2 13 16 25 50
10 11 22 23 31 37
3 10 19 28 32 34
3 23 40 47 48 49
6 12 23 24 28 35
8 10 20 26 31 43
12 13 15 21 28 38
8 9 25 42 47 48
2 10 12 13 14 44
6 10 19 28 33 45
5 14 24 28 38 41
7 8 14 17 26 49
13 16 31 34 36 46
3 4 7 20 23 25 30 32 37 38 39 40 43 44
4 25 33 40 41
13 15 18 23 24
3 31 35 40 48
1 4 27 37 48
5 9 19 29 32
7 12 19 34 48
10 31 41 46 48
8 23 27 32 44
13 18 30 34 36
6 20 23 40 48
20 36 45 47 50
3 15 43 45 50
1 4 8 34 46
3 7 31 44
6 13 42 44
6 11 17 33
5 8 38 45
7 26 33 49
6 35 42
27 47 48
6 12 15 16 19 20 23 35 37 38 39 40 43 45 46 47 48
1 1 1 1 1 1 1 1 1 1 1 1 1 1 1 1 1 1 1 1 1 1 1 1 1 1 1 1 1 1 1 1 1 1 1 1 1 1 1 1 1 1 1 1 1 1 1 1 1 1 1 1 1 1 1 1 1 1 1 1 1 1 1 1 1 1 1 1 1 1 1 1 1 1 1 1 1 1 1 1 1 1 1 1 1 1 1 1 1 1 1 1 1 1 1 1 1 1 1 1 1 1 1 1 1 1 1 1 1 1 1 1 1 1 1 1 1 1 1 1 1 1 1 1 1 1 1 1 1 1 1 1 1 1 1 1 1 1 1 1 1 1 1 1 1 1 1 1 1 1 1 1 1 1 1 1 1 1 1 1 1 1 1 1 1 1 1 1 1 1 1 1 1 1 1 1 1 1 1 1 1 1 1 1 1 1 1 1 1 1 1 1 1 1 1 1 1 1 1 1 1 1 1 1 1 1 1 1 1 1 1 1 1 1 1 1 1 1 1 1 1 1 1 1 1 1 1 1 1 1 1 1 1 1 1 1 1 1 1 1 1 1 1 1 1 1 1 1 1 1 1 1 1 1 1 1 1 1 1 1 1 1 1 1 1 1 1 1 1 1 1 1 1 1 1 1 1 1 1 1 1 1 1 1 1 1 1 1 1 1 1 1 1 1 1 1 1 1 1 1 1 1 1 1 1 1 1 1 1 1 1 1 1 1 1 1 1 1 1 1 1 1 1 1 1 1 1 1 1 1 1 1 1 1 1 1 1 1 1 1 1 1 1 1 1 1 1 1 1 1 1 1 1 1 1 1 1 1 1 1 1 1 1 1 1 1 1 1 1 1 1 1 1 1 1 1 1 1 1 1 1 1 1 1 1 1 1 1 1 1 1 1 1 1 1 1 1 1 1 1 1 1 1 1 1 1 1 1 1 1 1 1 1 1 1 1 1 1 1 1 1 1 1 1 1 1 1 1 1 1 1 1 1 1 1 1 1 1 1 1 1 1 1 1 1 1 1 1 1 1 1 1 1 1 1 1 1 1 1 1 1 1 1 1 1 1 1 1 1 1 1 1 1 1 1 1 1 1 1 1 1 1 1 1 1 1 1 1 1 1 1 1 1 1 1 1 1 1 1 1
