511 210
1 2 3 4 5 6 7 8 9 10 11 12 13 14 15 16 17 18 19 20 21 22 23 24 25 26 27 28 29 30 31 32 33 34 35 36 37 38 39 40 41 42 43 44 45 46 47 48 49 50 51 52 53 54 55 56 57 58 59 60 61 62 63
1 2 3 4 5 6 7 8 9 10 11 12 13 14 15 16 17 18 19 20 21 22 23 24 25 26 27 28 29 30 31 64 65 66 67 68 69 70 71 72 73 74 75 76 77 78 79 80 81 82 83 84 85 86 87 88 89 90 91 92 93 94 95
1 2 3 4 5 6 7 8 9 10 11 12 13 14 15 32 33 34 35 36 37 38 39 40 41 42 43 44 45 46 47 64 65 66 67 68 69 70 71 72 73 74 75 76 77 78 79 96 97 98 99 100 101 102 103 104 105 106 107 108 109 110 111
1 2 3 4 5 6 7 16 17 18 19 20 21 22 23 32 33 34 35 36 37 38 39 48 49 50 51 52 53 54 55 64 65 66 67 68 69 70 71 80 81 82 83 84 85 86 87 96 97 98 99 100 101 102 103 112 113 114 115 116 117 118 119
1 2 3 8 9 10 11 16 17 18 19 24 25 26 27 32 33 34 35 40 41 42 43 48 49 50 51 56 57 58 59 64 65 66 67 72 73 74 75 80 81 82 83 88 89 90 91 96 97 98 99 104 105 106 107 112 113 114 115 120 121 122 123
1 4 5 8 9 12 13 16 17 20 21 24 25 28 29 32 33 36 37 40 41 44 45 48 49 52 53 56 57 60 61 64 65 68 69 72 73 76 77 80 81 84 85 88 89 92 93 96 97 100 101 104 105 108 109 112 113 116 117 120 121 124 125
2 4 6 8 10 12 14 16 18 20 22 24 26 28 30 32 34 36 38 40 42 44 46 48 50 52 54 56 58 60 62 64 66 68 70 72 74 76 78 80 82 84 86 88 90 92 94 96 98 100 102 104 106 108 110 112 114 116 118 120 122 124 126
1 2 3 4 5 6 7 8 9 10 11 12 13 14 15 16 17 18 19 20 21 22 23 24 25 26 27 28 29 30 31 128 129 130 131 132 133 134 135 136 137 138 139 140 141 142 143 144 145 146 147 148 149 150 151 152 153 154 155 156 157 158 159
1 2 3 4 5 6 7 8 9 10 11 12 13 14 15 32 33 34 35 36 37 38 39 40 41 42 43 44 45 46 47 128 129 130 131 132 133 134 135 136 137 138 139 140 141 142 143 160 161 162 163 164 165 166 167 168 169 170 171 172 173 174 175
1 2 3 4 5 6 7 16 17 18 19 20 21 22 23 32 33 34 35 36 37 38 39 48 49 50 51 52 53 54 55 128 129 130 131 132 133 134 135 144 145 146 147 148 149 150 151 160 161 162 163 164 165 166 167 176 177 178 179 180 181 182 183
1 2 3 8 9 10 11 16 17 18 19 24 25 26 27 32 33 34 35 40 41 42 43 48 49 50 51 56 57 58 59 128 129 130 131 136 137 138 139 144 145 146 147 152 153 154 155 160 161 162 163 168 169 170 171 176 177 178 179 184 185 186 187
1 4 5 8 9 12 13 16 17 20 21 24 25 28 29 32 33 36 37 40 41 44 45 48 49 52 53 56 57 60 61 128 129 132 133 136 137 140 141 144 145 148 149 152 153 156 157 160 161 164 165 168 169 172 173 176 177 180 181 184 185 188 189
2 4 6 8 10 12 14 16 18 20 22 24 26 28 30 32 34 36 38 40 42 44 46 48 50 52 54 56 58 60 62 128 130 132 134 136 138 140 142 144 146 148 150 152 154 156 158 160 162 164 166 168 170 172 174 176 178 180 182 184 186 188 190
1 2 3 4 5 6 7 8 9 10 11 12 13 14 15 64 65 66 67 68 69 70 71 72 73 74 75 76 77 78 79 128 129 130 131 132 133 134 135 136 137 138 139 140 141 142 143 192 193 194 195 196 197 198 199 200 201 202 203 204 205 206 207
1 2 3 4 5 6 7 16 17 18 19 20 21 22 23 64 65 66 67 68 69 70 71 80 81 82 83 84 85 86 87 128 129 130 131 132 133 134 135 144 145 146 147 148 149 150 151 192 193 194 195 196 197 198 199 208 209 210 211 212 213 214 215
1 2 3 8 9 10 11 16 17 18 19 24 25 26 27 64 65 66 67 72 73 74 75 80 81 82 83 88 89 90 91 128 129 130 131 136 137 138 139 144 145 146 147 152 153 154 155 192 193 194 195 200 201 202 203 208 209 210 211 216 217 218 219
1 4 5 8 9 12 13 16 17 20 21 24 25 28 29 64 65 68 69 72 73 76 77 80 81 84 85 88 89 92 93 128 129 132 133 136 137 140 141 144 145 148 149 152 153 156 157 192 193 196 197 200 201 204 205 208 209 212 213 216 217 220 221
2 4 6 8 10 12 14 16 18 20 22 24 26 28 30 64 66 68 70 72 74 76 78 80 82 84 86 88 90 92 94 128 130 132 134 136 138 140 142 144 146 148 150 152 154 156 158 192 194 196 198 200 202 204 206 208 210 212 214 216 218 220 222
1 2 3 4 5 6 7 32 33 34 35 36 37 38 39 64 65 66 67 68 69 70 71 96 97 98 99 100 101 102 103 128 129 130 131 132 133 134 135 160 161 162 163 164 165 166 167 192 193 194 195 196 197 198 199 224 225 226 227 228 229 230 231
1 2 3 8 9 10 11 32 33 34 35 40 41 42 43 64 65 66 67 72 73 74 75 96 97 98 99 104 105 106 107 128 129 130 131 136 137 138 139 160 161 162 163 168 169 170 171 192 193 194 195 200 201 202 203 224 225 226 227 232 233 234 235
1 4 5 8 9 12 13 32 33 36 37 40 41 44 45 64 65 68 69 72 73 76 77 96 97 100 101 104 105 108 109 128 129 132 133 136 137 140 141 160 161 164 165 168 169 172 173 192 193 196 197 200 201 204 205 224 225 228 229 232 233 236 237
2 4 6 8 10 12 14 32 34 36 38 40 42 44 46 64 66 68 70 72 74 76 78 96 98 100 102 104 106 108 110 128 130 132 134 136 138 140 142 160 162 164 166 168 170 172 174 192 194 196 198 200 202 204 206 224 226 228 230 232 234 236 238
1 2 3 16 17 18 19 32 33 34 35 48 49 50 51 64 65 66 67 80 81 82 83 96 97 98 99 112 113 114 115 128 129 130 131 144 145 146 147 160 161 162 163 176 177 178 179 192 193 194 195 208 209 210 211 224 225 226 227 240 241 242 243
1 4 5 16 17 20 21 32 33 36 37 48 49 52 53 64 65 68 69 80 81 84 85 96 97 100 101 112 113 116 117 128 129 132 133 144 145 148 149 160 161 164 165 176 177 180 181 192 193 196 197 208 209 212 213 224 225 228 229 240 241 244 245
2 4 6 16 18 20 22 32 34 36 38 48 50 52 54 64 66 68 70 80 82 84 86 96 98 100 102 112 114 116 118 128 130 132 134 144 146 148 150 160 162 164 166 176 178 180 182 192 194 196 198 208 210 212 214 224 226 228 230 240 242 244 246
1 8 9 16 17 24 25 32 33 40 41 48 49 56 57 64 65 72 73 80 81 88 89 96 97 104 105 112 113 120 121 128 129 136 137 144 145 152 153 160 161 168 169 176 177 184 185 192 193 200 201 208 209 216 217 224 225 232 233 240 241 248 249
2 8 10 16 18 24 26 32 34 40 42 48 50 56 58 64 66 72 74 80 82 88 90 96 98 104 106 112 114 120 122 128 130 136 138 144 146 152 154 160 162 168 170 176 178 184 186 192 194 200 202 208 210 216 218 224 226 232 234 240 242 248 250
4 8 12 16 20 24 28 32 36 40 44 48 52 56 60 64 68 72 76 80 84 88 92 96 100 104 108 112 116 120 124 128 132 136 140 144 148 152 156 160 164 168 172 176 180 184 188 192 196 200 204 208 212 216 220 224 228 232 236 240 244 248 252
1 2 3 4 5 6 7 8 9 10 11 12 13 14 15 16 17 18 19 20 21 22 23 24 25 26 27 28 29 30 31 256 257 258 259 260 261 262 263 264 265 266 267 268 269 270 271 272 273 274 275 276 277 278 279 280 281 282 283 284 285 286 287
1 2 3 4 5 6 7 8 9 10 11 12 13 14 15 32 33 34 35 36 37 38 39 40 41 42 43 44 45 46 47 256 257 258 259 260 261 262 263 264 265 266 267 268 269 270 271 288 289 290 291 292 293 294 295 296 297 298 299 300 301 302 303
1 2 3 4 5 6 7 16 17 18 19 20 21 22 23 32 33 34 35 36 37 38 39 48 49 50 51 52 53 54 55 256 257 258 259 260 261 262 263 272 273 274 275 276 277 278 279 288 289 290 291 292 293 294 295 304 305 306 307 308 309 310 311
1 2 3 8 9 10 11 16 17 18 19 24 25 26 27 32 33 34 35 40 41 42 43 48 49 50 51 56 57 58 59 256 257 258 259 264 265 266 267 272 273 274 275 280 281 282 283 288 289 290 291 296 297 298 299 304 305 306 307 312 313 314 315
1 4 5 8 9 12 13 16 17 20 21 24 25 28 29 32 33 36 37 40 41 44 45 48 49 52 53 56 57 60 61 256 257 260 261 264 265 268 269 272 273 276 277 280 281 284 285 288 289 292 293 296 297 300 301 304 305 308 309 312 313 316 317
2 4 6 8 10 12 14 16 18 20 22 24 26 28 30 32 34 36 38 40 42 44 46 48 50 52 54 56 58 60 62 256 258 260 262 264 266 268 270 272 274 276 278 280 282 284 286 288 290 292 294 296 298 300 302 304 306 308 310 312 314 316 318
1 2 3 4 5 6 7 8 9 10 11 12 13 14 15 64 65 66 67 68 69 70 71 72 73 74 75 76 77 78 79 256 257 258 259 260 261 262 263 264 265 266 267 268 269 270 271 320 321 322 323 324 325 326 327 328 329 330 331 332 333 334 335
1 2 3 4 5 6 7 16 17 18 19 20 21 22 23 64 65 66 67 68 69 70 71 80 81 82 83 84 85 86 87 256 257 258 259 260 261 262 263 272 273 274 275 276 277 278 279 320 321 322 323 324 325 326 327 336 337 338 339 340 341 342 343
1 2 3 8 9 10 11 16 17 18 19 24 25 26 27 64 65 66 67 72 73 74 75 80 81 82 83 88 89 90 91 256 257 258 259 264 265 266 267 272 273 274 275 280 281 282 283 320 321 322 323 328 329 330 331 336 337 338 339 344 345 346 347
1 4 5 8 9 12 13 16 17 20 21 24 25 28 29 64 65 68 69 72 73 76 77 80 81 84 85 88 89 92 93 256 257 260 261 264 265 268 269 272 273 276 277 280 281 284 285 320 321 324 325 328 329 332 333 336 337 340 341 344 345 348 349
2 4 6 8 10 12 14 16 18 20 22 24 26 28 30 64 66 68 70 72 74 76 78 80 82 84 86 88 90 92 94 256 258 260 262 264 266 268 270 272 274 276 278 280 282 284 286 320 322 324 326 328 330 332 334 336 338 340 342 344 346 348 350
1 2 3 4 5 6 7 32 33 34 35 36 37 38 39 64 65 66 67 68 69 70 71 96 97 98 99 100 101 102 103 256 257 258 259 260 261 262 263 288 289 290 291 292 293 294 295 320 321 322 323 324 325 326 327 352 353 354 355 356 357 358 359
1 2 3 8 9 10 11 32 33 34 35 40 41 42 43 64 65 66 67 72 73 74 75 96 97 98 99 104 105 106 107 256 257 258 259 264 265 266 267 288 289 290 291 296 297 298 299 320 321 322 323 328 329 330 331 352 353 354 355 360 361 362 363
1 4 5 8 9 12 13 32 33 36 37 40 41 44 45 64 65 68 69 72 73 76 77 96 97 100 101 104 105 108 109 256 257 260 261 264 265 268 269 288 289 292 293 296 297 300 301 320 321 324 325 328 329 332 333 352 353 356 357 360 361 364 365
2 4 6 8 10 12 14 32 34 36 38 40 42 44 46 64 66 68 70 72 74 76 78 96 98 100 102 104 106 108 110 256 258 260 262 264 266 268 270 288 290 292 294 296 298 300 302 320 322 324 326 328 330 332 334 352 354 356 358 360 362 364 366
1 2 3 16 17 18 19 32 33 34 35 48 49 50 51 64 65 66 67 80 81 82 83 96 97 98 99 112 113 114 115 256 257 258 259 272 273 274 275 288 289 290 291 304 305 306 307 320 321 322 323 336 337 338 339 352 353 354 355 368 369 370 371
1 4 5 16 17 20 21 32 33 36 37 48 49 52 53 64 65 68 69 80 81 84 85 96 97 100 101 112 113 116 117 256 257 260 261 272 273 276 277 288 289 292 293 304 305 308 309 320 321 324 325 336 337 340 341 352 353 356 357 368 369 372 373
2 4 6 16 18 20 22 32 34 36 38 48 50 52 54 64 66 68 70 80 82 84 86 96 98 100 102 112 114 116 118 256 258 260 262 272 274 276 278 288 290 292 294 304 306 308 310 320 322 324 326 336 338 340 342 352 354 356 358 368 370 372 374
1 8 9 16 17 24 25 32 33 40 41 48 49 56 57 64 65 72 73 80 81 88 89 96 97 104 105 112 113 120 121 256 257 264 265 272 273 280 281 288 289 296 297 304 305 312 313 320 321 328 329 336 337 344 345 352 353 360 361 368 369 376 377
2 8 10 16 18 24 26 32 34 40 42 48 50 56 58 64 66 72 74 80 82 88 90 96 98 104 106 112 114 120 122 256 258 264 266 272 274 280 282 288 290 296 298 304 306 312 314 320 322 328 330 336 338 344 346 352 354 360 362 368 370 376 378
4 8 12 16 20 24 28 32 36 40 44 48 52 56 60 64 68 72 76 80 84 88 92 96 100 104 108 112 116 120 124 256 260 264 268 272 276 280 284 288 292 296 300 304 308 312 316 320 324 328 332 336 340 344 348 352 356 360 364 368 372 376 380
1 2 3 4 5 6 7 8 9 10 11 12 13 14 15 128 129 130 131 132 133 134 135 136 137 138 139 140 141 142 143 256 257 258 259 260 261 262 263 264 265 266 267 268 269 270 271 384 385 386 387 388 389 390 391 392 393 394 395 396 397 398 399
1 2 3 4 5 6 7 16 17 18 19 20 21 22 23 128 129 130 131 132 133 134 135 144 145 146 147 148 149 150 151 256 257 258 259 260 261 262 263 272 273 274 275 276 277 278 279 384 385 386 387 388 389 390 391 400 401 402 403 404 405 406 407
1 2 3 8 9 10 11 16 17 18 19 24 25 26 27 128 129 130 131 136 137 138 139 144 145 146 147 152 153 154 155 256 257 258 259 264 265 266 267 272 273 274 275 280 281 282 283 384 385 386 387 392 393 394 395 400 401 402 403 408 409 410 411
1 4 5 8 9 12 13 16 17 20 21 24 25 28 29 128 129 132 133 136 137 140 141 144 145 148 149 152 153 156 157 256 257 260 261 264 265 268 269 272 273 276 277 280 281 284 285 384 385 388 389 392 393 396 397 400 401 404 405 408 409 412 413
2 4 6 8 10 12 14 16 18 20 22 24 26 28 30 128 130 132 134 136 138 140 142 144 146 148 150 152 154 156 158 256 258 260 262 264 266 268 270 272 274 276 278 280 282 284 286 384 386 388 390 392 394 396 398 400 402 404 406 408 410 412 414
1 2 3 4 5 6 7 32 33 34 35 36 37 38 39 128 129 130 131 132 133 134 135 160 161 162 163 164 165 166 167 256 257 258 259 260 261 262 263 288 289 290 291 292 293 294 295 384 385 386 387 388 389 390 391 416 417 418 419 420 421 422 423
1 2 3 8 9 10 11 32 33 34 35 40 41 42 43 128 129 130 131 136 137 138 139 160 161 162 163 168 169 170 171 256 257 258 259 264 265 266 267 288 289 290 291 296 297 298 299 384 385 386 387 392 393 394 395 416 417 418 419 424 425 426 427
1 4 5 8 9 12 13 32 33 36 37 40 41 44 45 128 129 132 133 136 137 140 141 160 161 164 165 168 169 172 173 256 257 260 261 264 265 268 269 288 289 292 293 296 297 300 301 384 385 388 389 392 393 396 397 416 417 420 421 424 425 428 429
2 4 6 8 10 12 14 32 34 36 38 40 42 44 46 128 130 132 134 136 138 140 142 160 162 164 166 168 170 172 174 256 258 260 262 264 266 268 270 288 290 292 294 296 298 300 302 384 386 388 390 392 394 396 398 416 418 420 422 424 426 428 430
1 2 3 16 17 18 19 32 33 34 35 48 49 50 51 128 129 130 131 144 145 146 147 160 161 162 163 176 177 178 179 256 257 258 259 272 273 274 275 288 289 290 291 304 305 306 307 384 385 386 387 400 401 402 403 416 417 418 419 432 433 434 435
1 4 5 16 17 20 21 32 33 36 37 48 49 52 53 128 129 132 133 144 145 148 149 160 161 164 165 176 177 180 181 256 257 260 261 272 273 276 277 288 289 292 293 304 305 308 309 384 385 388 389 400 401 404 405 416 417 420 421 432 433 436 437
2 4 6 16 18 20 22 32 34 36 38 48 50 52 54 128 130 132 134 144 146 148 150 160 162 164 166 176 178 180 182 256 258 260 262 272 274 276 278 288 290 292 294 304 306 308 310 384 386 388 390 400 402 404 406 416 418 420 422 432 434 436 438
1 8 9 16 17 24 25 32 33 40 41 48 49 56 57 128 129 136 137 144 145 152 153 160 161 168 169 176 177 184 185 256 257 264 265 272 273 280 281 288 289 296 297 304 305 312 313 384 385 392 393 400 401 408 409 416 417 424 425 432 433 440 441
2 8 10 16 18 24 26 32 34 40 42 48 50 56 58 128 130 136 138 144 146 152 154 160 162 168 170 176 178 184 186 256 258 264 266 272 274 280 282 288 290 296 298 304 306 312 314 384 386 392 394 400 402 408 410 416 418 424 426 432 434 440 442
4 8 12 16 20 24 28 32 36 40 44 48 52 56 60 128 132 136 140 144 148 152 156 160 164 168 172 176 180 184 188 256 260 264 268 272 276 280 284 288 292 296 300 304 308 312 316 384 388 392 396 400 404 408 412 416 420 424 428 432 436 440 444
1 2 3 4 5 6 7 64 65 66 67 68 69 70 71 128 129 130 131 132 133 134 135 192 193 194 195 196 197 198 199 256 257 258 259 260 261 262 263 320 321 322 323 324 325 326 327 384 385 386 387 388 389 390 391 448 449 450 451 452 453 454 455
1 2 3 8 9 10 11 64 65 66 67 72 73 74 75 128 129 130 131 136 137 138 139 192 193 194 195 200 201 202 203 256 257 258 259 264 265 266 267 320 321 322 323 328 329 330 331 384 385 386 387 392 393 394 395 448 449 450 451 456 457 458 459
1 4 5 8 9 12 13 64 65 68 69 72 73 76 77 128 129 132 133 136 137 140 141 192 193 196 197 200 201 204 205 256 257 260 261 264 265 268 269 320 321 324 325 328 329 332 333 384 385 388 389 392 393 396 397 448 449 452 453 456 457 460 461
2 4 6 8 10 12 14 64 66 68 70 72 74 76 78 128 130 132 134 136 138 140 142 192 194 196 198 200 202 204 206 256 258 260 262 264 266 268 270 320 322 324 326 328 330 332 334 384 386 388 390 392 394 396 398 448 450 452 454 456 458 460 462
1 2 3 16 17 18 19 64 65 66 67 80 81 82 83 128 129 130 131 144 145 146 147 192 193 194 195 208 209 210 211 256 257 258 259 272 273 274 275 320 321 322 323 336 337 338 339 384 385 386 387 400 401 402 403 448 449 450 451 464 465 466 467
1 4 5 16 17 20 21 64 65 68 69 80 81 84 85 128 129 132 133 144 145 148 149 192 193 196 197 208 209 212 213 256 257 260 261 272 273 276 277 320 321 324 325 336 337 340 341 384 385 388 389 400 401 404 405 448 449 452 453 464 465 468 469
2 4 6 16 18 20 22 64 66 68 70 80 82 84 86 128 130 132 134 144 146 148 150 192 194 196 198 208 210 212 214 256 258 260 262 272 274 276 278 320 322 324 326 336 338 340 342 384 386 388 390 400 402 404 406 448 450 452 454 464 466 468 470
1 8 9 16 17 24 25 64 65 72 73 80 81 88 89 128 129 136 137 144 145 152 153 192 193 200 201 208 209 216 217 256 257 264 265 272 273 280 281 320 321 328 329 336 337 344 345 384 385 392 393 400 401 408 409 448 449 456 457 464 465 472 473
2 8 10 16 18 24 26 64 66 72 74 80 82 88 90 128 130 136 138 144 146 152 154 192 194 200 202 208 210 216 218 256 258 264 266 272 274 280 282 320 322 328 330 336 338 344 346 384 386 392 394 400 402 408 410 448 450 456 458 464 466 472 474
4 8 12 16 20 24 28 64 68 72 76 80 84 88 92 128 132 136 140 144 148 152 156 192 196 200 204 208 212 216 220 256 260 264 268 272 276 280 284 320 324 328 332 336 340 344 348 384 388 392 396 400 404 408 412 448 452 456 460 464 468 472 476
1 2 3 32 33 34 35 64 65 66 67 96 97 98 99 128 129 130 131 160 161 162 163 192 193 194 195 224 225 226 227 256 257 258 259 288 289 290 291 320 321 322 323 352 353 354 355 384 385 386 387 416 417 418 419 448 449 450 451 480 481 482 483
1 4 5 32 33 36 37 64 65 68 69 96 97 100 101 128 129 132 133 160 161 164 165 192 193 196 197 224 225 228 229 256 257 260 261 288 289 292 293 320 321 324 325 352 353 356 357 384 385 388 389 416 417 420 421 448 449 452 453 480 481 484 485
2 4 6 32 34 36 38 64 66 68 70 96 98 100 102 128 130 132 134 160 162 164 166 192 194 196 198 224 226 228 230 256 258 260 262 288 290 292 294 320 322 324 326 352 354 356 358 384 386 388 390 416 418 420 422 448 450 452 454 480 482 484 486
1 8 9 32 33 40 41 64 65 72 73 96 97 104 105 128 129 136 137 160 161 168 169 192 193 200 201 224 225 232 233 256 257 264 265 288 289 296 297 320 321 328 329 352 353 360 361 384 385 392 393 416 417 424 425 448 449 456 457 480 481 488 489
2 8 10 32 34 40 42 64 66 72 74 96 98 104 106 128 130 136 138 160 162 168 170 192 194 200 202 224 226 232 234 256 258 264 266 288 290 296 298 320 322 328 330 352 354 360 362 384 386 392 394 416 418 424 426 448 450 456 458 480 482 488 490
4 8 12 32 36 40 44 64 68 72 76 96 100 104 108 128 132 136 140 160 164 168 172 192 196 200 204 224 228 232 236 256 260 264 268 288 292 296 300 320 324 328 332 352 356 360 364 384 388 392 396 416 420 424 428 448 452 456 460 480 484 488 492
1 16 17 32 33 48 49 64 65 80 81 96 97 112 113 128 129 144 145 160 161 176 177 192 193 208 209 224 225 240 241 256 257 272 273 288 289 304 305 320 321 336 337 352 353 368 369 384 385 400 401 416 417 432 433 448 449 464 465 480 481 496 497
2 16 18 32 34 48 50 64 66 80 82 96 98 112 114 128 130 144 146 160 162 176 178 192 194 208 210 224 226 240 242 256 258 272 274 288 290 304 306 320 322 336 338 352 354 368 370 384 386 400 402 416 418 432 434 448 450 464 466 480 482 496 498
4 16 20 32 36 48 52 64 68 80 84 96 100 112 116 128 132 144 148 160 164 176 180 192 196 208 212 224 228 240 244 256 260 272 276 288 292 304 308 320 324 336 340 352 356 368 372 384 388 400 404 416 420 432 436 448 452 464 468 480 484 496 500
8 16 24 32 40 48 56 64 72 80 88 96 104 112 120 128 136 144 152 160 168 176 184 192 200 208 216 224 232 240 248 256 264 272 280 288 296 304 312 320 328 336 344 352 360 368 376 384 392 400 408 416 424 432 440 448 456 464 472 480 488 496 504
1 2 3 4 5 6 7 8 9 10 11 12 13 14 15 16 17 18 19 20 21 22 23 24 25 26 27 28 29 30 31 480 481 482 483 484 485 486 487 488 489 490 491 492 493 494 495 496 497 498 499 500 501 502 503 504 505 506 507 508 509 510 511
1 2 3 4 5 6 7 8 9 10 11 12 13 14 15 32 33 34 35 36 37 38 39 40 41 42 43 44 45 46 47 464 465 466 467 468 469 470 471 472 473 474 475 476 477 478 479 496 497 498 499 500 501 502 503 504 505 506 507 508 509 510 511
1 2 3 4 5 6 7 16 17 18 19 20 21 22 23 32 33 34 35 36 37 38 39 48 49 50 51 52 53 54 55 456 457 458 459 460 461 462 463 472 473 474 475 476 477 478 479 488 489 490 491 492 493 494 495 504 505 506 507 508 509 510 511
1 2 3 8 9 10 11 16 17 18 19 24 25 26 27 32 33 34 35 40 41 42 43 48 49 50 51 56 57 58 59 452 453 454 455 460 461 462 463 468 469 470 471 476 477 478 479 484 485 486 487 492 493 494 495 500 501 502 503 508 509 510 511
1 4 5 8 9 12 13 16 17 20 21 24 25 28 29 32 33 36 37 40 41 44 45 48 49 52 53 56 57 60 61 450 451 454 455 458 459 462 463 466 467 470 471 474 475 478 479 482 483 486 487 490 491 494 495 498 499 502 503 506 507 510 511
2 4 6 8 10 12 14 16 18 20 22 24 26 28 30 32 34 36 38 40 42 44 46 48 50 52 54 56 58 60 62 449 451 453 455 457 459 461 463 465 467 469 471 473 475 477 479 481 483 485 487 489 491 493 495 497 499 501 503 505 507 509 511
1 2 3 4 5 6 7 8 9 10 11 12 13 14 15 64 65 66 67 68 69 70 71 72 73 74 75 76 77 78 79 432 433 434 435 436 437 438 439 440 441 442 443 444 445 446 447 496 497 498 499 500 501 502 503 504 505 506 507 508 509 510 511
1 2 3 4 5 6 7 16 17 18 19 20 21 22 23 64 65 66 67 68 69 70 71 80 81 82 83 84 85 86 87 424 425 426 427 428 429 430 431 440 441 442 443 444 445 446 447 488 489 490 491 492 493 494 495 504 505 506 507 508 509 510 511
1 2 3 8 9 10 11 16 17 18 19 24 25 26 27 64 65 66 67 72 73 74 75 80 81 82 83 88 89 90 91 420 421 422 423 428 429 430 431 436 437 438 439 444 445 446 447 484 485 486 487 492 493 494 495 500 501 502 503 508 509 510 511
1 4 5 8 9 12 13 16 17 20 21 24 25 28 29 64 65 68 69 72 73 76 77 80 81 84 85 88 89 92 93 418 419 422 423 426 427 430 431 434 435 438 439 442 443 446 447 482 483 486 487 490 491 494 495 498 499 502 503 506 507 510 511
2 4 6 8 10 12 14 16 18 20 22 24 26 28 30 64 66 68 70 72 74 76 78 80 82 84 86 88 90 92 94 417 419 421 423 425 427 429 431 433 435 437 439 441 443 445 447 481 483 485 487 489 491 493 495 497 499 501 503 505 507 509 511
1 2 3 4 5 6 7 32 33 34 35 36 37 38 39 64 65 66 67 68 69 70 71 96 97 98 99 100 101 102 103 408 409 410 411 412 413 414 415 440 441 442 443 444 445 446 447 472 473 474 475 476 477 478 479 504 505 506 507 508 509 510 511
1 2 3 8 9 10 11 32 33 34 35 40 41 42 43 64 65 66 67 72 73 74 75 96 97 98 99 104 105 106 107 404 405 406 407 412 413 414 415 436 437 438 439 444 445 446 447 468 469 470 471 476 477 478 479 500 501 502 503 508 509 510 511
1 4 5 8 9 12 13 32 33 36 37 40 41 44 45 64 65 68 69 72 73 76 77 96 97 100 101 104 105 108 109 402 403 406 407 410 411 414 415 434 435 438 439 442 443 446 447 466 467 470 471 474 475 478 479 498 499 502 503 506 507 510 511
2 4 6 8 10 12 14 32 34 36 38 40 42 44 46 64 66 68 70 72 74 76 78 96 98 100 102 104 106 108 110 401 403 405 407 409 411 413 415 433 435 437 439 441 443 445 447 465 467 469 471 473 475 477 479 497 499 501 503 505 507 509 511
1 2 3 16 17 18 19 32 33 34 35 48 49 50 51 64 65 66 67 80 81 82 83 96 97 98 99 112 113 114 115 396 397 398 399 412 413 414 415 428 429 430 431 444 445 446 447 460 461 462 463 476 477 478 479 492 493 494 495 508 509 510 511
1 4 5 16 17 20 21 32 33 36 37 48 49 52 53 64 65 68 69 80 81 84 85 96 97 100 101 112 113 116 117 394 395 398 399 410 411 414 415 426 427 430 431 442 443 446 447 458 459 462 463 474 475 478 479 490 491 494 495 506 507 510 511
2 4 6 16 18 20 22 32 34 36 38 48 50 52 54 64 66 68 70 80 82 84 86 96 98 100 102 112 114 116 118 393 395 397 399 409 411 413 415 425 427 429 431 441 443 445 447 457 459 461 463 473 475 477 479 489 491 493 495 505 507 509 511
1 8 9 16 17 24 25 32 33 40 41 48 49 56 57 64 65 72 73 80 81 88 89 96 97 104 105 112 113 120 121 390 391 398 399 406 407 414 415 422 423 430 431 438 439 446 447 454 455 462 463 470 471 478 479 486 487 494 495 502 503 510 511
2 8 10 16 18 24 26 32 34 40 42 48 50 56 58 64 66 72 74 80 82 88 90 96 98 104 106 112 114 120 122 389 391 397 399 405 407 413 415 421 423 429 431 437 439 445 447 453 455 461 463 469 471 477 479 485 487 493 495 501 503 509 511
4 8 12 16 20 24 28 32 36 40 44 48 52 56 60 64 68 72 76 80 84 88 92 96 100 104 108 112 116 120 124 387 391 395 399 403 407 411 415 419 423 427 431 435 439 443 447 451 455 459 463 467 471 475 479 483 487 491 495 499 503 507 511
1 2 3 4 5 6 7 8 9 10 11 12 13 14 15 128 129 130 131 132 133 134 135 136 137 138 139 140 141 142 143 368 369 370 371 372 373 374 375 376 377 378 379 380 381 382 383 496 497 498 499 500 501 502 503 504 505 506 507 508 509 510 511
1 2 3 4 5 6 7 16 17 18 19 20 21 22 23 128 129 130 131 132 133 134 135 144 145 146 147 148 149 150 151 360 361 362 363 364 365 366 367 376 377 378 379 380 381 382 383 488 489 490 491 492 493 494 495 504 505 506 507 508 509 510 511
1 2 3 8 9 10 11 16 17 18 19 24 25 26 27 128 129 130 131 136 137 138 139 144 145 146 147 152 153 154 155 356 357 358 359 364 365 366 367 372 373 374 375 380 381 382 383 484 485 486 487 492 493 494 495 500 501 502 503 508 509 510 511
1 4 5 8 9 12 13 16 17 20 21 24 25 28 29 128 129 132 133 136 137 140 141 144 145 148 149 152 153 156 157 354 355 358 359 362 363 366 367 370 371 374 375 378 379 382 383 482 483 486 487 490 491 494 495 498 499 502 503 506 507 510 511
2 4 6 8 10 12 14 16 18 20 22 24 26 28 30 128 130 132 134 136 138 140 142 144 146 148 150 152 154 156 158 353 355 357 359 361 363 365 367 369 371 373 375 377 379 381 383 481 483 485 487 489 491 493 495 497 499 501 503 505 507 509 511
1 2 3 4 5 6 7 32 33 34 35 36 37 38 39 128 129 130 131 132 133 134 135 160 161 162 163 164 165 166 167 344 345 346 347 348 349 350 351 376 377 378 379 380 381 382 383 472 473 474 475 476 477 478 479 504 505 506 507 508 509 510 511
1 2 3 8 9 10 11 32 33 34 35 40 41 42 43 128 129 130 131 136 137 138 139 160 161 162 163 168 169 170 171 340 341 342 343 348 349 350 351 372 373 374 375 380 381 382 383 468 469 470 471 476 477 478 479 500 501 502 503 508 509 510 511
1 4 5 8 9 12 13 32 33 36 37 40 41 44 45 128 129 132 133 136 137 140 141 160 161 164 165 168 169 172 173 338 339 342 343 346 347 350 351 370 371 374 375 378 379 382 383 466 467 470 471 474 475 478 479 498 499 502 503 506 507 510 511
2 4 6 8 10 12 14 32 34 36 38 40 42 44 46 128 130 132 134 136 138 140 142 160 162 164 166 168 170 172 174 337 339 341 343 345 347 349 351 369 371 373 375 377 379 381 383 465 467 469 471 473 475 477 479 497 499 501 503 505 507 509 511
1 2 3 16 17 18 19 32 33 34 35 48 49 50 51 128 129 130 131 144 145 146 147 160 161 162 163 176 177 178 179 332 333 334 335 348 349 350 351 364 365 366 367 380 381 382 383 460 461 462 463 476 477 478 479 492 493 494 495 508 509 510 511
1 4 5 16 17 20 21 32 33 36 37 48 49 52 53 128 129 132 133 144 145 148 149 160 161 164 165 176 177 180 181 330 331 334 335 346 347 350 351 362 363 366 367 378 379 382 383 458 459 462 463 474 475 478 479 490 491 494 495 506 507 510 511
2 4 6 16 18 20 22 32 34 36 38 48 50 52 54 128 130 132 134 144 146 148 150 160 162 164 166 176 178 180 182 329 331 333 335 345 347 349 351 361 363 365 367 377 379 381 383 457 459 461 463 473 475 477 479 489 491 493 495 505 507 509 511
1 8 9 16 17 24 25 32 33 40 41 48 49 56 57 128 129 136 137 144 145 152 153 160 161 168 169 176 177 184 185 326 327 334 335 342 343 350 351 358 359 366 367 374 375 382 383 454 455 462 463 470 471 478 479 486 487 494 495 502 503 510 511
2 8 10 16 18 24 26 32 34 40 42 48 50 56 58 128 130 136 138 144 146 152 154 160 162 168 170 176 178 184 186 325 327 333 335 341 343 349 351 357 359 365 367 373 375 381 383 453 455 461 463 469 471 477 479 485 487 493 495 501 503 509 511
4 8 12 16 20 24 28 32 36 40 44 48 52 56 60 128 132 136 140 144 148 152 156 160 164 168 172 176 180 184 188 323 327 331 335 339 343 347 351 355 359 363 367 371 375 379 383 451 455 459 463 467 471 475 479 483 487 491 495 499 503 507 511
1 2 3 4 5 6 7 64 65 66 67 68 69 70 71 128 129 130 131 132 133 134 135 192 193 194 195 196 197 198 199 312 313 314 315 316 317 318 319 376 377 378 379 380 381 382 383 440 441 442 443 444 445 446 447 504 505 506 507 508 509 510 511
1 2 3 8 9 10 11 64 65 66 67 72 73 74 75 128 129 130 131 136 137 138 139 192 193 194 195 200 201 202 203 308 309 310 311 316 317 318 319 372 373 374 375 380 381 382 383 436 437 438 439 444 445 446 447 500 501 502 503 508 509 510 511
1 4 5 8 9 12 13 64 65 68 69 72 73 76 77 128 129 132 133 136 137 140 141 192 193 196 197 200 201 204 205 306 307 310 311 314 315 318 319 370 371 374 375 378 379 382 383 434 435 438 439 442 443 446 447 498 499 502 503 506 507 510 511
2 4 6 8 10 12 14 64 66 68 70 72 74 76 78 128 130 132 134 136 138 140 142 192 194 196 198 200 202 204 206 305 307 309 311 313 315 317 319 369 371 373 375 377 379 381 383 433 435 437 439 441 443 445 447 497 499 501 503 505 507 509 511
1 2 3 16 17 18 19 64 65 66 67 80 81 82 83 128 129 130 131 144 145 146 147 192 193 194 195 208 209 210 211 300 301 302 303 316 317 318 319 364 365 366 367 380 381 382 383 428 429 430 431 444 445 446 447 492 493 494 495 508 509 510 511
1 4 5 16 17 20 21 64 65 68 69 80 81 84 85 128 129 132 133 144 145 148 149 192 193 196 197 208 209 212 213 298 299 302 303 314 315 318 319 362 363 366 367 378 379 382 383 426 427 430 431 442 443 446 447 490 491 494 495 506 507 510 511
2 4 6 16 18 20 22 64 66 68 70 80 82 84 86 128 130 132 134 144 146 148 150 192 194 196 198 208 210 212 214 297 299 301 303 313 315 317 319 361 363 365 367 377 379 381 383 425 427 429 431 441 443 445 447 489 491 493 495 505 507 509 511
1 8 9 16 17 24 25 64 65 72 73 80 81 88 89 128 129 136 137 144 145 152 153 192 193 200 201 208 209 216 217 294 295 302 303 310 311 318 319 358 359 366 367 374 375 382 383 422 423 430 431 438 439 446 447 486 487 494 495 502 503 510 511
2 8 10 16 18 24 26 64 66 72 74 80 82 88 90 128 130 136 138 144 146 152 154 192 194 200 202 208 210 216 218 293 295 301 303 309 311 317 319 357 359 365 367 373 375 381 383 421 423 429 431 437 439 445 447 485 487 493 495 501 503 509 511
4 8 12 16 20 24 28 64 68 72 76 80 84 88 92 128 132 136 140 144 148 152 156 192 196 200 204 208 212 216 220 291 295 299 303 307 311 315 319 355 359 363 367 371 375 379 383 419 423 427 431 435 439 443 447 483 487 491 495 499 503 507 511
1 2 3 32 33 34 35 64 65 66 67 96 97 98 99 128 129 130 131 160 161 162 163 192 193 194 195 224 225 226 227 284 285 286 287 316 317 318 319 348 349 350 351 380 381 382 383 412 413 414 415 444 445 446 447 476 477 478 479 508 509 510 511
1 4 5 32 33 36 37 64 65 68 69 96 97 100 101 128 129 132 133 160 161 164 165 192 193 196 197 224 225 228 229 282 283 286 287 314 315 318 319 346 347 350 351 378 379 382 383 410 411 414 415 442 443 446 447 474 475 478 479 506 507 510 511
2 4 6 32 34 36 38 64 66 68 70 96 98 100 102 128 130 132 134 160 162 164 166 192 194 196 198 224 226 228 230 281 283 285 287 313 315 317 319 345 347 349 351 377 379 381 383 409 411 413 415 441 443 445 447 473 475 477 479 505 507 509 511
1 8 9 32 33 40 41 64 65 72 73 96 97 104 105 128 129 136 137 160 161 168 169 192 193 200 201 224 225 232 233 278 279 286 287 310 311 318 319 342 343 350 351 374 375 382 383 406 407 414 415 438 439 446 447 470 471 478 479 502 503 510 511
2 8 10 32 34 40 42 64 66 72 74 96 98 104 106 128 130 136 138 160 162 168 170 192 194 200 202 224 226 232 234 277 279 285 287 309 311 317 319 341 343 349 351 373 375 381 383 405 407 413 415 437 439 445 447 469 471 477 479 501 503 509 511
4 8 12 32 36 40 44 64 68 72 76 96 100 104 108 128 132 136 140 160 164 168 172 192 196 200 204 224 228 232 236 275 279 283 287 307 311 315 319 339 343 347 351 371 375 379 383 403 407 411 415 435 439 443 447 467 471 475 479 499 503 507 511
1 16 17 32 33 48 49 64 65 80 81 96 97 112 113 128 129 144 145 160 161 176 177 192 193 208 209 224 225 240 241 270 271 286 287 302 303 318 319 334 335 350 351 366 367 382 383 398 399 414 415 430 431 446 447 462 463 478 479 494 495 510 511
2 16 18 32 34 48 50 64 66 80 82 96 98 112 114 128 130 144 146 160 162 176 178 192 194 208 210 224 226 240 242 269 271 285 287 301 303 317 319 333 335 349 351 365 367 381 383 397 399 413 415 429 431 445 447 461 463 477 479 493 495 509 511
4 16 20 32 36 48 52 64 68 80 84 96 100 112 116 128 132 144 148 160 164 176 180 192 196 208 212 224 228 240 244 267 271 283 287 299 303 315 319 331 335 347 351 363 367 379 383 395 399 411 415 427 431 443 447 459 463 475 479 491 495 507 511
8 16 24 32 40 48 56 64 72 80 88 96 104 112 120 128 136 144 152 160 168 176 184 192 200 208 216 224 232 240 248 263 271 279 287 295 303 311 319 327 335 343 351 359 367 375 383 391 399 407 415 423 431 439 447 455 463 471 479 487 495 503 511
1 2 3 4 5 6 7 8 9 10 11 12 13 14 15 240 241 242 243 244 245 246 247 248 249 250 251 252 253 254 255 256 257 258 259 260 261 262 263 264 265 266 267 268 269 270 271 496 497 498 499 500 501 502 503 504 505 506 507 508 509 510 511
1 2 3 4 5 6 7 16 17 18 19 20 21 22 23 232 233 234 235 236 237 238 239 248 249 250 251 252 253 254 255 256 257 258 259 260 261 262 263 272 273 274 275 276 277 278 279 488 489 490 491 492 493 494 495 504 505 506 507 508 509 510 511
1 2 3 8 9 10 11 16 17 18 19 24 25 26 27 228 229 230 231 236 237 238 239 244 245 246 247 252 253 254 255 256 257 258 259 264 265 266 267 272 273 274 275 280 281 282 283 484 485 486 487 492 493 494 495 500 501 502 503 508 509 510 511
1 4 5 8 9 12 13 16 17 20 21 24 25 28 29 226 227 230 231 234 235 238 239 242 243 246 247 250 251 254 255 256 257 260 261 264 265 268 269 272 273 276 277 280 281 284 285 482 483 486 487 490 491 494 495 498 499 502 503 506 507 510 511
2 4 6 8 10 12 14 16 18 20 22 24 26 28 30 225 227 229 231 233 235 237 239 241 243 245 247 249 251 253 255 256 258 260 262 264 266 268 270 272 274 276 278 280 282 284 286 481 483 485 487 489 491 493 495 497 499 501 503 505 507 509 511
1 2 3 4 5 6 7 32 33 34 35 36 37 38 39 216 217 218 219 220 221 222 223 248 249 250 251 252 253 254 255 256 257 258 259 260 261 262 263 288 289 290 291 292 293 294 295 472 473 474 475 476 477 478 479 504 505 506 507 508 509 510 511
1 2 3 8 9 10 11 32 33 34 35 40 41 42 43 212 213 214 215 220 221 222 223 244 245 246 247 252 253 254 255 256 257 258 259 264 265 266 267 288 289 290 291 296 297 298 299 468 469 470 471 476 477 478 479 500 501 502 503 508 509 510 511
1 4 5 8 9 12 13 32 33 36 37 40 41 44 45 210 211 214 215 218 219 222 223 242 243 246 247 250 251 254 255 256 257 260 261 264 265 268 269 288 289 292 293 296 297 300 301 466 467 470 471 474 475 478 479 498 499 502 503 506 507 510 511
2 4 6 8 10 12 14 32 34 36 38 40 42 44 46 209 211 213 215 217 219 221 223 241 243 245 247 249 251 253 255 256 258 260 262 264 266 268 270 288 290 292 294 296 298 300 302 465 467 469 471 473 475 477 479 497 499 501 503 505 507 509 511
1 2 3 16 17 18 19 32 33 34 35 48 49 50 51 204 205 206 207 220 221 222 223 236 237 238 239 252 253 254 255 256 257 258 259 272 273 274 275 288 289 290 291 304 305 306 307 460 461 462 463 476 477 478 479 492 493 494 495 508 509 510 511
1 4 5 16 17 20 21 32 33 36 37 48 49 52 53 202 203 206 207 218 219 222 223 234 235 238 239 250 251 254 255 256 257 260 261 272 273 276 277 288 289 292 293 304 305 308 309 458 459 462 463 474 475 478 479 490 491 494 495 506 507 510 511
2 4 6 16 18 20 22 32 34 36 38 48 50 52 54 201 203 205 207 217 219 221 223 233 235 237 239 249 251 253 255 256 258 260 262 272 274 276 278 288 290 292 294 304 306 308 310 457 459 461 463 473 475 477 479 489 491 493 495 505 507 509 511
1 8 9 16 17 24 25 32 33 40 41 48 49 56 57 198 199 206 207 214 215 222 223 230 231 238 239 246 247 254 255 256 257 264 265 272 273 280 281 288 289 296 297 304 305 312 313 454 455 462 463 470 471 478 479 486 487 494 495 502 503 510 511
2 8 10 16 18 24 26 32 34 40 42 48 50 56 58 197 199 205 207 213 215 221 223 229 231 237 239 245 247 253 255 256 258 264 266 272 274 280 282 288 290 296 298 304 306 312 314 453 455 461 463 469 471 477 479 485 487 493 495 501 503 509 511
4 8 12 16 20 24 28 32 36 40 44 48 52 56 60 195 199 203 207 211 215 219 223 227 231 235 239 243 247 251 255 256 260 264 268 272 276 280 284 288 292 296 300 304 308 312 316 451 455 459 463 467 471 475 479 483 487 491 495 499 503 507 511
1 2 3 4 5 6 7 64 65 66 67 68 69 70 71 184 185 186 187 188 189 190 191 248 249 250 251 252 253 254 255 256 257 258 259 260 261 262 263 320 321 322 323 324 325 326 327 440 441 442 443 444 445 446 447 504 505 506 507 508 509 510 511
1 2 3 8 9 10 11 64 65 66 67 72 73 74 75 180 181 182 183 188 189 190 191 244 245 246 247 252 253 254 255 256 257 258 259 264 265 266 267 320 321 322 323 328 329 330 331 436 437 438 439 444 445 446 447 500 501 502 503 508 509 510 511
1 4 5 8 9 12 13 64 65 68 69 72 73 76 77 178 179 182 183 186 187 190 191 242 243 246 247 250 251 254 255 256 257 260 261 264 265 268 269 320 321 324 325 328 329 332 333 434 435 438 439 442 443 446 447 498 499 502 503 506 507 510 511
2 4 6 8 10 12 14 64 66 68 70 72 74 76 78 177 179 181 183 185 187 189 191 241 243 245 247 249 251 253 255 256 258 260 262 264 266 268 270 320 322 324 326 328 330 332 334 433 435 437 439 441 443 445 447 497 499 501 503 505 507 509 511
1 2 3 16 17 18 19 64 65 66 67 80 81 82 83 172 173 174 175 188 189 190 191 236 237 238 239 252 253 254 255 256 257 258 259 272 273 274 275 320 321 322 323 336 337 338 339 428 429 430 431 444 445 446 447 492 493 494 495 508 509 510 511
1 4 5 16 17 20 21 64 65 68 69 80 81 84 85 170 171 174 175 186 187 190 191 234 235 238 239 250 251 254 255 256 257 260 261 272 273 276 277 320 321 324 325 336 337 340 341 426 427 430 431 442 443 446 447 490 491 494 495 506 507 510 511
2 4 6 16 18 20 22 64 66 68 70 80 82 84 86 169 171 173 175 185 187 189 191 233 235 237 239 249 251 253 255 256 258 260 262 272 274 276 278 320 322 324 326 336 338 340 342 425 427 429 431 441 443 445 447 489 491 493 495 505 507 509 511
1 8 9 16 17 24 25 64 65 72 73 80 81 88 89 166 167 174 175 182 183 190 191 230 231 238 239 246 247 254 255 256 257 264 265 272 273 280 281 320 321 328 329 336 337 344 345 422 423 430 431 438 439 446 447 486 487 494 495 502 503 510 511
2 8 10 16 18 24 26 64 66 72 74 80 82 88 90 165 167 173 175 181 183 189 191 229 231 237 239 245 247 253 255 256 258 264 266 272 274 280 282 320 322 328 330 336 338 344 346 421 423 429 431 437 439 445 447 485 487 493 495 501 503 509 511
4 8 12 16 20 24 28 64 68 72 76 80 84 88 92 163 167 171 175 179 183 187 191 227 231 235 239 243 247 251 255 256 260 264 268 272 276 280 284 320 324 328 332 336 340 344 348 419 423 427 431 435 439 443 447 483 487 491 495 499 503 507 511
1 2 3 32 33 34 35 64 65 66 67 96 97 98 99 156 157 158 159 188 189 190 191 220 221 222 223 252 253 254 255 256 257 258 259 288 289 290 291 320 321 322 323 352 353 354 355 412 413 414 415 444 445 446 447 476 477 478 479 508 509 510 511
1 4 5 32 33 36 37 64 65 68 69 96 97 100 101 154 155 158 159 186 187 190 191 218 219 222 223 250 251 254 255 256 257 260 261 288 289 292 293 320 321 324 325 352 353 356 357 410 411 414 415 442 443 446 447 474 475 478 479 506 507 510 511
2 4 6 32 34 36 38 64 66 68 70 96 98 100 102 153 155 157 159 185 187 189 191 217 219 221 223 249 251 253 255 256 258 260 262 288 290 292 294 320 322 324 326 352 354 356 358 409 411 413 415 441 443 445 447 473 475 477 479 505 507 509 511
1 8 9 32 33 40 41 64 65 72 73 96 97 104 105 150 151 158 159 182 183 190 191 214 215 222 223 246 247 254 255 256 257 264 265 288 289 296 297 320 321 328 329 352 353 360 361 406 407 414 415 438 439 446 447 470 471 478 479 502 503 510 511
2 8 10 32 34 40 42 64 66 72 74 96 98 104 106 149 151 157 159 181 183 189 191 213 215 221 223 245 247 253 255 256 258 264 266 288 290 296 298 320 322 328 330 352 354 360 362 405 407 413 415 437 439 445 447 469 471 477 479 501 503 509 511
4 8 12 32 36 40 44 64 68 72 76 96 100 104 108 147 151 155 159 179 183 187 191 211 215 219 223 243 247 251 255 256 260 264 268 288 292 296 300 320 324 328 332 352 356 360 364 403 407 411 415 435 439 443 447 467 471 475 479 499 503 507 511
1 16 17 32 33 48 49 64 65 80 81 96 97 112 113 142 143 158 159 174 175 190 191 206 207 222 223 238 239 254 255 256 257 272 273 288 289 304 305 320 321 336 337 352 353 368 369 398 399 414 415 430 431 446 447 462 463 478 479 494 495 510 511
2 16 18 32 34 48 50 64 66 80 82 96 98 112 114 141 143 157 159 173 175 189 191 205 207 221 223 237 239 253 255 256 258 272 274 288 290 304 306 320 322 336 338 352 354 368 370 397 399 413 415 429 431 445 447 461 463 477 479 493 495 509 511
4 16 20 32 36 48 52 64 68 80 84 96 100 112 116 139 143 155 159 171 175 187 191 203 207 219 223 235 239 251 255 256 260 272 276 288 292 304 308 320 324 336 340 352 356 368 372 395 399 411 415 427 431 443 447 459 463 475 479 491 495 507 511
8 16 24 32 40 48 56 64 72 80 88 96 104 112 120 135 143 151 159 167 175 183 191 199 207 215 223 231 239 247 255 256 264 272 280 288 296 304 312 320 328 336 344 352 360 368 376 391 399 407 415 423 431 439 447 455 463 471 479 487 495 503 511
1 2 3 4 5 6 7 120 121 122 123 124 125 126 127 128 129 130 131 132 133 134 135 248 249 250 251 252 253 254 255 256 257 258 259 260 261 262 263 376 377 378 379 380 381 382 383 384 385 386 387 388 389 390 391 504 505 506 507 508 509 510 511
1 2 3 8 9 10 11 116 117 118 119 124 125 126 127 128 129 130 131 136 137 138 139 244 245 246 247 252 253 254 255 256 257 258 259 264 265 266 267 372 373 374 375 380 381 382 383 384 385 386 387 392 393 394 395 500 501 502 503 508 509 510 511
1 4 5 8 9 12 13 114 115 118 119 122 123 126 127 128 129 132 133 136 137 140 141 242 243 246 247 250 251 254 255 256 257 260 261 264 265 268 269 370 371 374 375 378 379 382 383 384 385 388 389 392 393 396 397 498 499 502 503 506 507 510 511
2 4 6 8 10 12 14 113 115 117 119 121 123 125 127 128 130 132 134 136 138 140 142 241 243 245 247 249 251 253 255 256 258 260 262 264 266 268 270 340 342 343 344 347 349 350 351 355 356 357 364 365 366 367 369 371 373 374 375 377 379 381 383 384 386 388 390 391 392 394 395 396 397 398 399 404 406 407 408 411 412 414 415 453 455 456 460 461 463 464 467 468 469 497 499 501 503 505 507 509 511
1 2 3 16 17 18 19 108 109 110 111 124 125 126 127 128 129 130 131 144 145 146 147 236 237 238 239 252 253 254 255 256 257 258 259 272 273 274 275 364 365 366 367 380 381 382 383 384 385 386 387 400 401 402 403 492 493 494 495 508 509 510 511
1 4 5 16 17 20 21 106 107 110 111 122 123 126 127 128 129 132 133 134 136 137 138 141 143 144 145 148 149 153 155 156 158 160 161 162 234 235 238 239 250 251 254 255 256 257 260 261 272 273 276 277 362 363 366 367 375 376 377 378 379 382 383 384 385 386 388 389 392 394 396 398 400 401 402 404 405 406 408 409 410 413 415 416 417 437 440 442 444 446 448 449 450 454 456 457 458 463 464 465 466 479 480 481 482 488 489 490 491 493 494 495 496 497 506 507 510 511
1 2 3 4 6 16 17 18 19 20 22 23 25 26 27 57 58 59 62 64 65 66 74 75 76 77 81 82 83 105 107 109 111 121 123 125 127 128 130 132 134 144 146 148 150 233 235 237 239 249 251 253 255 256 258 260 262 272 274 276 278 295 296 297 298 299 303 304 305 306 307 310 313 315 317 321 322 323 327 329 330 331 334 336 337 338 345 346 347 358 361 363 365 367 369 370 371 377 378 379 381 383 384 385 386 387 388 390 399 400 401 402 403 404 406 407 409 410 411 414 415 416 417 418 426 431 432 433 434 435 443 444 447 448 449 450 451 457 458 459 482 483 489 490 491 493 494 495 496 497 498 505 506 507 509 510 511
1 2 3 8 9 14 16 17 18 19 20 24 25 27 28 31 33 34 35 91 92 102 103 110 111 118 119 126 127 128 129 136 137 144 145 152 153 216 218 219 220 230 231 232 233 234 235 236 238 239 240 241 242 243 244 246 247 250 252 254 255 256 257 258 259 260 264 265 266 267 268 271 272 273 274 275 279 280 281 282 284 286 287 288 289 290 291 292 313 314 315 330 331 338 339 344 346 347 348 351 353 354 355 356 358 359 360 362 363 364 366 367 368 369 370 371 372 374 375 382 383 384 385 392 393 394 395 399 400 401 408 409 410 411 418 419 431 440 442 443 444 450 451 452 458 459 473 474 475 479 480 481 482 483 484 486 487 494 495 502 503 505 506 507 510 511
2 8 10 11 12 16 18 19 20 24 26 27 28 29 34 35 36 37 43 44 58 59 60 67 69 75 76 77 80 83 84 85 91 92 93 96 98 100 101 103 109 111 114 115 116 117 119 123 124 125 127 128 130 136 138 139 140 144 146 152 154 155 156 157 160 171 177 178 180 181 186 187 188 199 200 201 203 205 217 219 220 221 227 229 231 233 235 237 239 243 245 247 251 252 253 255 256 258 259 260 261 264 266 272 274 280 282 284 285 289 290 292 293 299 300 301 304 305 306 307 308 309 330 331 332 345 347 349 355 357 359 361 363 364 365 367 368 370 371 372 373 375 378 379 380 381 383 384 386 392 394 396 397 400 401 402 404 405 408 410 411 413 416 417 418 419 420 421 442 443 444 457 459 461 467 469 475 476 477 480 482 483 484 485 487 489 491 492 493 495 501 503 504 507 508 509 511
2 3 4 5 6 8 11 12 13 16 17 18 19 20 21 22 24 28 43 44 45 58 60 62 68 70 76 77 78 81 83 84 85 86 91 93 94 99 103 107 108 109 111 114 115 117 118 119 123 124 125 127 128 129 130 131 132 133 134 136 140 144 148 152 156 170 172 174 180 182 188 189 203 205 206 217 220 221 227 229 230 231 235 236 237 239 243 247 248 249 250 251 252 254 255 256 260 264 265 268 272 274 275 276 277 278 280 281 284 286 288 292 294 298 299 300 301 302 306 307 309 310 314 315 317 318 323 329 332 334 336 339 341 342 354 355 357 358 359 362 363 364 366 367 371 375 378 379 380 381 382 383 384 386 387 388 389 390 392 393 396 398 400 404 406 408 410 411 412 413 414 418 419 421 422 426 428 429 430 433 436 437 438 442 444 445 446 450 451 453 459 461 462 473 483 485 486 487 490 491 493 494 495 499 501 502 503 506 507 509 510 511
1 2 3 6 7 13 14 15 29 30 31 32 33 34 35 38 39 44 46 47 68 70 71 83 86 87 92 93 94 95 99 100 102 103 106 108 110 111 114 116 118 119 123 124 125 126 127 128 129 130 131 140 148 150 151 157 159 160 161 162 163 165 166 167 170 172 174 186 188 190 191 211 213 214 215 219 220 221 222 223 227 228 230 231 242 251 252 253 254 255 256 257 258 259 261 262 263 267 269 270 271 274 283 285 286 287 288 289 290 291 292 294 295 302 303 310 311 318 319 326 327 331 334 335 348 349 350 351 355 357 358 359 363 365 366 367 373 374 375 378 379 380 381 382 383 384 385 386 387 397 406 413 414 415 416 417 418 419 427 429 436 438 439 444 446 447 452 454 455 459 461 462 463 467 469 470 471 475 476 477 478 479 482 491 493 494 495 499 501 507 508 509 510 511
1 3 4 5 7 8 11 14 16 18 20 22 23 24 28 30 31 32 33 35 36 37 38 39 45 47 48 54 55 56 61 62 63 64 69 70 71 72 77 78 79 80 87 90 91 92 93 94 95 96 105 110 111 117 118 119 120 122 123 126 127 128 129 132 133 142 143 144 155 160 161 164 165 182 188 189 190 191 192 193 194 196 198 199 205 206 207 218 219 222 223 230 231 232 246 247 248 250 251 252 254 255 256 257 259 260 261 262 263 267 270 272 274 275 288 289 292 293 301 302 303 308 310 311 312 334 335 336 346 347 348 350 351 352 364 365 367 368 372 374 375 376 378 379 381 382 383 384 385 388 389 390 391 392 397 398 399 400 406 407 408 413 414 415 416 417 420 421 436 438 439 440 443 452 454 455 456 462 463 464 467 469 470 471 474 475 477 478 479 480 483 493 506 507 510 511
2 4 5 6 7 8 9 29 31 32 33 34 36 38 45 47 48 49 60 89 91 93 94 95 96 97 98 99 101 103 104 105 110 111 112 121 123 125 127 128 129 130 132 134 148 157 159 160 161 162 164 166 167 168 174 175 176 181 182 183 184 190 191 192 197 198 199 200 205 206 207 208 214 215 216 217 219 221 222 223 224 230 231 232 237 238 239 240 246 247 248 249 251 253 254 255 256 258 260 262 263 264 270 271 272 278 279 280 286 287 288 290 292 293 294 295 296 302 303 304 310 311 312 317 318 319 320 325 326 327 328 333 334 335 336 341 342 343 344 345 347 349 350 351 352 357 358 359 360 365 366 367 368 373 374 375 376 377 379 381 382 383 384 386 388 389 390 391 392 397 398 399 400 406 407 408 414 415 416 418 420 421 422 423 424 430 431 432 438 439 440 445 446 447 448 453 454 455 456 461 462 463 464 470 471 472 473 475 477 478 479 480 486 487 488 494 496 497 501 502 504 505 507 508 509 510 511
1 7 8 9 14 15 16 17 32 33 34 40 41 42 46 47 55 57 58 63 65 66 70 71 79 81 82 86 87 89 90 93 94 95 104 105 106 112 113 114 117 118 119 126 127 128 129 130 135 136 137 138 141 143 151 152 153 154 159 160 161 162 167 168 169 175 176 177 178 182 183 184 185 186 191 200 201 202 206 208 209 210 213 214 215 222 223 224 225 226 230 231 232 233 234 237 239 246 247 248 249 250 254 255 256 257 258 261 263 264 265 271 272 273 274 279 280 281 282 285 287 288 289 295 296 297 298 302 303 304 305 306 311 319 320 321 322 327 328 329 330 333 335 341 342 343 344 345 346 350 351 367 368 369 374 375 382 383 384 385 392 393 400 401 402 407 408 409 410 415 416 417 418 423 424 425 426 429 431 439 440 441 442 447 448 449 450 455 464 465 466 470 471 472 473 474 478 479 487 488 489 490 494 495 496 497 498 502 503 510 511
1 2 7 8 10 14 16 32 33 34 35 40 41 42 43 49 50 51 54 56 57 58 64 65 66 70 81 85 87 89 91 93 95 103 111 117 119 121 122 125 127 128 129 130 131 136 138 145 146 147 158 160 162 168 170 182 185 191 192 193 194 195 196 197 208 209 210 213 215 221 223 233 234 235 245 247 249 250 251 253 255 256 257 258 259 262 264 265 266 278 287 288 289 290 296 298 302 306 311 313 314 315 337 338 339 341 343 349 351 353 354 355 366 373 375 381 383 384 386 391 392 394 399 400 401 402 403 404 405 409 410 411 416 417 418 424 426 439 441 442 443 446 455 457 458 459 465 466 467 469 470 471 472 473 474 477 478 479 480 486 494 501 503 509 511
3 4 8 10 11 12 32 34 35 36 40 44 48 50 51 52 63 83 87 88 90 91 95 96 97 98 99 100 101 102 104 106 107 108 113 114 115 119 123 127 128 130 131 132 136 140 151 160 162 163 164 168 169 170 171 172 177 178 179 184 185 186 187 193 194 195 200 201 202 203 208 209 210 211 215 217 218 219 223 224 225 226 227 233 234 235 240 241 242 243 247 249 250 251 255 256 257 258 259 260 264 265 266 267 268 273 274 275 281 282 283 288 289 290 291 292 296 297 298 299 300 305 306 307 313 314 315 320 321 322 323 328 329 330 331 336 337 338 339 343 344 345 346 347 351 352 353 354 355 360 361 362 363 368 369 370 371 375 376 377 378 379 383 384 385 386 387 388 392 393 394 395 396 400 401 402 403 409 410 411 416 417 418 419 420 424 425 426 427 428 433 434 435 441 442 443 448 449 450 451 456 457 458 459 464 465 466 467 471 473 474 475 479 481 482 483 489 490 491 497 499 500 503 504 505 507 508 511
1 2 10 11 12 16 17 18 19 20 32 33 36 37 44 45 48 49 50 58 60 61 66 68 69 73 74 78 79 82 84 85 90 92 93 94 95 96 97 98 107 108 109 110 111 115 116 117 120 122 126 127 128 129 130 131 132 133 138 139 140 141 144 145 146 154 155 156 157 160 161 162 163 164 165 170 176 177 178 179 180 181 185 186 187 188 189 194 203 204 205 206 207 209 211 212 213 216 218 222 223 226 227 228 229 233 234 235 236 237 238 239 240 242 251 252 253 254 255 256 257 259 260 261 264 266 272 273 274 275 276 277 282 283 284 285 288 289 290 298 299 300 301 304 305 306 307 308 309 314 322 323 324 325 330 331 332 333 334 335 336 338 347 348 349 350 351 353 355 356 357 360 362 366 367 370 371 372 373 378 379 380 381 382 383 384 385 386 394 395 396 397 400 401 402 403 404 405 410 416 417 418 419 420 421 426 427 428 429 432 433 434 442 443 444 445 450 451 452 453 458 462 463 467 468 469 475 476 477 478 479 480 482 490 491 492 493 494 495 497 498 499 500 501 504 506 510 511
2 3 4 5 6 11 12 13 14 16 17 18 19 27 28 29 30 32 34 35 36 37 38 41 43 48 50 51 52 53 54 59 60 61 62 67 75 76 77 78 79 83 84 85 86 89 91 93 95 99 100 101 102 107 108 109 110 111 113 115 123 124 125 126 127 128 130 131 132 133 134 137 139 144 146 148 149 150 156 157 158 160 161 162 163 172 173 174 176 178 180 181 182 187 196 197 198 204 205 206 207 209 211 220 221 222 223 228 229 230 233 235 237 239 243 244 245 246 251 252 253 254 255 256 258 259 268 269 270 272 274 276 277 278 281 283 288 290 292 293 294 300 301 302 304 305 306 307 315 316 317 318 322 323 324 325 326 331 333 335 340 341 342 348 349 350 351 353 355 364 365 366 367 370 372 373 374 377 379 381 383 384 386 388 389 390 396 397 398 400 402 403 416 418 420 421 422 427 428 429 432 434 435 441 450 452 453 458 459 461 463 469 470 474 476 477 478 479 490 492 493 494 495 497 509 511
4 6 7 12 13 16 18 20 28 29 30 31 32 36 37 38 39 44 48 52 53 54 55 59 60 61 62 63 68 75 77 78 79 83 85 86 87 90 91 92 95 100 101 102 103 107 108 109 110 111 114 116 123 125 126 127 128 132 133 134 135 138 140 144 148 149 150 151 156 157 158 159 160 162 164 172 173 174 175 176 179 180 181 182 183 188 196 197 198 199 203 204 205 206 207 210 212 219 221 222 223 227 229 230 231 234 235 236 239 244 245 246 247 251 252 253 254 255 256 260 268 269 270 271 272 276 277 278 279 284 288 292 293 294 295 300 301 302 303 304 307 308 309 310 311 317 318 319 325 326 327 331 332 335 340 341 342 343 346 347 349 351 353 355 358 359 363 364 365 366 367 371 373 374 375 378 379 381 382 383 384 386 388 389 391 393 396 398 399 400 404 411 412 413 414 416 419 420 421 422 423 427 428 429 430 431 432 436 437 438 439 444 445 446 447 452 459 460 461 462 463 468 469 470 471 474 475 476 479 484 485 486 487 491 492 493 494 495 498 500 507 508 509 510 511
4 5 6 7 8 11 16 19 24 27 28 30 31 32 35 40 43 48 56 62 63 64 71 78 79 80 83 87 94 95 96 103 107 108 109 110 111 112 119 125 126 127 128 131 136 141 142 143 144 147 150 151 152 160 163 167 168 174 175 176 183 184 187 188 189 190 196 197 198 199 207 215 222 223 224 230 231 232 238 239 240 247 253 254 255 256 264 267 270 271 272 275 280 287 288 292 294 295 296 301 302 303 304 310 312 315 324 326 327 332 334 335 343 350 351 352 359 364 366 367 368 371 375 383 384 391 392 397 398 400 404 405 406 407 408 412 413 414 415 416 418 424 432 437 438 439 440 445 446 447 448 455 457 463 469 470 471 472 479 481 483 486 487 488 490 494 495 496 503 510 511
1 2 3 7 8 9 13 15 16 17 21 23 24 25 28 29 30 31 32 37 39 40 41 45 47 48 49 60 61 62 63 64 65 66 67 71 72 73 76 78 79 80 87 88 89 93 95 96 97 101 119 120 121 124 125 126 127 128 129 130 131 141 143 144 145 151 152 153 156 157 158 159 160 165 166 167 168 173 175 176 181 183 184 185 188 189 190 191 192 193 194 195 197 199 200 201 210 213 214 216 218 221 223 224 225 234 238 240 242 247 248 249 252 253 254 255 256 257 258 259 260 264 266 271 272 273 282 284 286 288 290 295 296 297 306 308 311 313 315 316 317 318 319 320 321 322 323 324 327 329 331 332 335 337 339 344 345 350 351 352 353 356 357 358 359 360 361 362 363 367 368 369 375 376 377 380 381 382 383 384 385 386 387 399 400 401 405 407 408 409 412 414 415 416 423 424 425 428 429 430 431 432 433 444 445 446 447 448 449 450 451 455 456 457 462 463 464 465 476 477 479 486 508 509 510 511
1 4 5 6 24 25 26 53 56 58 59 60 62 63 64 65 66 68 69 77 80 82 84 85 88 90 92 102 104 105 106 110 111 112 113 114 122 123 125 126 127 128 129 130 132 133 143 144 150 152 153 154 157 186 187 190 191 192 193 196 197 205 208 210 211 214 217 218 232 233 234 250 251 254 255 256 257 260 261 294 314 315 318 319 320 321 324 325 349 359 360 361 365 376 377 378 379 382 383 384 385 388 389 392 393 394 399 400 401 402 423 424 425 440 441 442 443 446 447 448 449 452 453 456 457 458 461 462 463 464 465 466 487 488 489 504 505 506 507 510 511
1 2 4 6 9 10 11 14 16 17 18 19 30 31 32 33 34 35 40 41 42 53 54 55 57 58 59 61 63 64 66 68 70 71 73 74 75 81 82 83 105 106 107 121 122 123 125 127 128 130 132 134 150 151 152 153 154 159 161 162 163 168 169 170 181 182 183 185 186 187 189 190 191 192 194 196 198 206 208 209 210 211 216 218 219 233 234 235 240 241 242 243 249 251 253 254 255 256 257 258 259 260 262 270 274 281 282 283 288 290 291 294 295 296 298 299 304 305 306 311 312 313 314 315 317 319 320 321 322 324 326 327 329 330 331 335 336 337 338 344 345 346 352 353 354 359 361 362 367 368 369 370 374 377 379 381 383 384 385 386 388 390 391 393 394 400 401 402 407 408 409 410 415 417 418 423 425 426 427 431 432 433 434 438 441 443 445 447 448 449 450 452 454 456 458 459 463 465 466 467 470 471 479 481 482 483 489 490 491 494 495 502 505 507 509 511
1 2 3 4 8 9 10 11 12 16 17 18 19 32 33 35 36 40 41 43 44 49 51 52 54 55 58 59 60 62 63 64 65 67 68 71 72 73 75 76 78 80 81 83 84 87 89 103 107 108 113 115 116 118 119 121 123 124 126 127 128 129 131 132 136 137 139 140 144 147 148 154 155 156 159 163 164 169 171 172 176 177 179 180 182 183 190 191 192 193 195 196 200 201 203 204 208 209 211 212 225 227 228 232 233 235 236 240 241 243 244 246 247 248 254 255 256 257 258 259 264 265 275 276 282 283 284 287 290 291 292 296 298 299 305 306 307 310 311 312 314 315 316 318 319 320 321 328 329 330 331 332 335 336 338 339 340 344 346 347 351 353 355 356 361 362 363 374 375 376 378 379 380 382 383 384 385 386 387 388 392 393 395 401 403 404 409 411 412 419 420 424 426 427 428 431 434 435 438 439 443 446 447 448 449 451 452 456 457 459 460 464 467 468 474 475 479 491 492 497 498 499 502 503 504 506 507 508 510 511
1 2 3 4 8 10 18 19 20 24 28 29 34 35 36 41 42 43 44 49 51 52 53 55 59 60 61 63 64 65 66 67 68 72 73 74 75 76 81 82 83 84 89 91 92 97 98 99 100 104 107 109 111 113 114 115 116 117 119 121 123 124 125 127 128 129 130 131 132 136 138 139 140 141 144 147 149 151 155 156 157 160 162 163 164 169 170 171 172 177 179 180 181 183 185 187 188 189 191 192 193 194 195 196 200 202 203 205 207 211 212 213 217 219 220 221 224 225 232 235 237 239 241 243 244 245 247 249 251 252 253 255 256 257 258 259 260 264 266 273 274 275 276 282 283 284 289 290 291 292 298 299 300 305 306 307 308 309 311 314 315 316 317 319 320 322 323 324 328 329 330 331 332 337 338 339 340 345 346 347 348 353 354 355 356 361 362 363 364 370 371 372 373 375 377 378 379 380 381 383 384 385 386 387 388 392 393 394 395 396 402 403 404 409 410 411 412 417 418 419 420 426 427 428 433 434 435 436 437 439 441 442 443 444 445 447 448 449 450 451 452 456 457 458 459 460 466 467 468 473 474 475 476 482 483 484 490 491 492 498 499 500 501 503 505 506 507 508 509 511
3 4 5 8 10 11 12 13 18 19 20 21 28 29 30 33 36 37 42 44 45 50 51 52 53 55 59 60 61 62 63 64 65 66 67 68 69 72 75 76 77 81 84 85 86 89 92 93 94 100 101 102 106 107 108 109 114 115 116 117 119 123 124 125 126 127 128 129 130 131 132 133 136 140 141 142 148 149 150 156 157 158 164 165 166 171 172 173 179 180 181 183 186 187 188 189 190 191 192 195 196 197 200 204 205 206 210 212 213 217 220 221 222 235 236 237 243 244 245 247 250 251 252 253 254 255 256 259 260 261 264 268 269 270 273 276 277 282 284 285 286 290 292 293 298 299 300 301 306 307 308 309 311 313 315 316 317 318 319 320 322 324 325 328 330 332 333 334 346 347 348 349 354 356 357 362 364 365 366 369 370 371 372 373 375 378 379 380 381 383 384 385 388 390 392 394 396 397 398 401 403 404 405 410 411 412 413 418 420 421 422 426 428 429 430 434 435 436 437 439 441 443 444 446 447 448 450 451 452 453 456 458 460 461 466 467 468 469 474 475 476 477 481 482 484 485 486 489 498 499 500 501 502 503 506 507 508 509 510 511
1 2 5 7 9 11 13 14 15 16 17 21 22 23 30 31 36 37 38 46 47 59 61 62 63 64 65 68 69 70 74 80 81 82 84 86 87 92 98 102 103 108 110 111 114 115 116 118 119 123 126 127 128 129 132 133 134 135 139 141 142 143 144 145 147 148 149 150 151 157 158 159 162 163 165 166 170 174 175 178 187 188 189 190 191 192 193 196 197 198 199 205 206 207 208 209 211 212 213 214 229 230 231 235 237 238 239 242 253 254 255 256 257 258 259 260 261 262 266 272 273 274 277 278 279 282 285 286 287 293 294 295 299 300 301 302 303 307 308 309 310 315 317 318 319 320 321 323 324 326 327 331 333 334 335 336 337 339 341 342 349 350 351 355 357 358 363 365 366 367 370 372 373 374 380 381 382 383 384 385 396 398 399 400 401 403 404 405 406 411 413 414 415 419 421 422 428 430 431 438 439 443 444 445 446 447 448 449 451 453 454 459 461 462 463 464 465 468 470 471 476 477 478 482 484 486 487 491 493 494 495 499 501 502 507 508 509 510 511
2 4 6 7 12 13 15 16 18 19 28 30 31 32 38 39 40 45 47 54 55 56 60 61 62 63 64 66 67 69 70 71 78 79 80 82 86 87 88 94 95 96 101 102 103 108 109 110 111 116 117 118 119 125 127 128 129 130 144 146 173 174 175 176 181 182 183 188 189 190 191 192 194 195 199 200 201 208 210 220 223 224 227 237 239 243 246 247 252 253 254 255 256 258 260 261 262 263 271 272 273 274 276 284 293 295 296 299 301 303 316 317 318 319 320 322 323 325 326 327 336 338 348 349 350 351 357 358 359 364 365 366 367 372 373 374 375 380 381 382 383 384 386 388 390 391 396 397 398 399 400 402 403 412 414 415 416 419 420 422 423 428 429 430 431 432 438 439 443 445 447 448 450 453 454 455 460 462 463 464 466 467 469 470 471 476 478 479 485 486 487 493 494 495 508 509 510 511
4 5 7 8 9 13 15 16 17 20 23 24 31 32 43 45 47 48 49 52 53 54 55 56 59 63 64 68 71 72 73 78 79 80 84 86 87 88 92 101 103 104 105 107 111 123 127 128 132 144 148 150 151 152 156 158 159 160 166 167 168 171 175 187 191 192 196 208 212 235 239 251 252 253 254 255 256 258 260 262 272 276 296 299 303 315 319 320 324 336 340 363 367 379 383 384 388 400 404 427 431 443 447 448 452 464 468 491 495 507 511
8 16 24 39 47 55 63 64 72 80 88 103 111 119 127 128 136 144 152 167 175 183 191 192 200 208 216 231 239 247 255 256 264 272 280 295 303 311 319 320 328 336 344 359 367 375 383 384 392 400 408 423 431 439 447 448 456 464 472 487 495 503 511
1 30 31 32 33 62 63 64 65 94 95 96 97 126 127 128 129 158 159 160 161 190 191 192 193 222 223 224 225 254 255 256 257 286 287 288 289 318 319 320 321 322 327 329 334 335 337 340 341 350 351 352 353 382 383 384 385 414 415 416 417 446 447 448 449 478 479 480 481 510 511
2 29 31 32 34 61 63 64 66 93 95 96 98 125 127 128 130 157 159 160 162 189 191 192 194 221 223 224 226 253 255 256 258 285 287 288 290 317 319 320 322 349 351 352 354 381 383 384 386 413 415 416 418 445 447 448 450 477 479 480 482 509 511
4 27 31 32 36 59 63 64 68 91 95 96 100 123 127 128 132 155 159 160 164 187 191 192 196 219 223 224 228 251 255 256 260 283 287 288 292 315 319 320 324 337 339 340 341 344 345 346 347 348 351 352 356 360 362 363 364 365 368 370 371 372 373 378 379 380 381 383 384 386 387 388 394 395 396 403 404 405 408 409 410 411 412 415 416 417 419 420 421 425 427 428 433 435 436 437 441 443 444 447 448 449 450 451 452 457 459 460 464 466 467 468 469 473 475 476 479 480 483 484 485 488 497 498 499 500 505 507 508 511
2 4 5 6 8 12 13 19 21 22 23 26 28 29 31 32 34 36 37 38 40 43 44 45 49 55 59 60 61 63 64 65 68 70 72 74 75 76 77 82 84 85 87 89 90 91 92 93 95 96 98 100 101 102 104 108 109 116 117 118 119 124 125 126 127 128 136 139 141 142 151 159 160 168 183 191 192 200 215 223 224 232 247 255 256 264 279 287 288 296 311 319 320 328 343 351 352 360 375 383 384 392 401 404 406 407 408 415 416 424 425 433 434 435 436 437 439 444 445 446 447 448 450 452 453 454 456 457 458 460 461 469 470 471 473 477 479 480 484 485 486 488 492 497 498 499 500 501 503 511
3 4 5 6 10 11 12 13 14 15 16 20 21 22 27 29 30 31 32 37 38 39 42 45 46 47 48 51 52 53 54 62 63 64 68 69 70 79 80 82 83 85 86 87 92 93 94 95 96 100 101 102 111 112 113 114 115 116 117 118 126 127 128 143 144 148 149 150 156 157 158 159 160 175 176 178 191 192 197 198 199 202 204 205 206 207 208 211 223 224 229 230 231 237 238 239 240 242 243 255 256 267 270 271 272 282 283 287 288 291 298 299 303 304 319 320 330 331 335 336 339 340 341 346 347 351 352 367 368 383 384 387 389 394 395 399 400 402 403 408 415 416 418 428 429 430 431 432 436 437 438 444 445 446 447 448 463 464 469 470 471 474 475 476 477 478 479 480 495 496 511
4 2 2 3 3 1 1 3 4 2 1 2 1 3 4 4 4 2 1 1 4 2 2 2 1 2 4 3 1 4 2 3 1 4 3 2 4 2 4 2 4 1 2 1 2 2 1 4 3 2 2 2 1 1 1 3 1 1 3 4 3 3 2 1 2 2 2 1 1 2 3 2 4 2 2 3 4 1 2 2 4 3 2 2 2 4 2 1 4 3 1 4 2 3 1 3 1 2 3 1 2 2 4 1 2 3 2 2 3 1 2 4 2 4 4 3 3 4 1 1 1 2 3 1 4 1 2 3 3 3 3 2 3 1 4 2 4 1 4 2 3 4 3 2 1 3 1 4 4 3 1 3 4 4 3 4 2 1 2 3 4 3 2 3 3 3 1 1 3 3 3 3 4 3 1 3 3 4 4 4 2 2 1 4 4 2 1 2 4 1 1 1 4 4 2 3 3 4 4 1 1 4 3 1 1 4 4 2 2 1
