240 192
1 2 4 7 11
1 3 5 8 12
1 16 17 19 22
1 26 27 29 32
2 3 6 9 13
2 16 18 20 23
2 42 43 45 48
3 26 28 30 33
3 42 44 46 49
16 26 36 37 39
16 42 52 53 55
26 42 58 59 61
4 5 6 10 14
4 17 18 21 24
4 67 68 70 73
5 27 28 31 34
5 67 69 71 74
17 27 36 38 40
17 67 77 78 80
27 67 83 84 86
6 43 44 47 50
6 68 69 72 75
18 43 52 54 56
18 68 77 79 81
43 68 92 93 95
28 44 58 60 62
28 69 83 85 87
44 69 92 94 96
36 52 58 64 65
36 77 83 89 90
52 77 92 98 99
58 83 92 101 102
7 8 9 10 15
7 19 20 21 25
7 105 106 108 111
8 29 30 31 35
8 105 107 109 112
19 29 37 38 41
19 105 115 116 118
29 105 121 122 124
9 45 46 47 51
9 106 107 110 113
20 45 53 54 57
20 106 115 117 119
45 106 130 131 133
30 46 59 60 63
30 107 121 123 125
46 107 130 132 134
37 53 59 64 66
37 115 121 127 128
53 115 130 136 137
59 121 130 139 140
10 70 71 72 76
10 108 109 110 114
21 70 78 79 82
21 108 116 117 120
70 108 143 144 146
31 71 84 85 88
31 109 122 123 126
71 109 143 145 147
38 78 84 89 91
38 116 122 127 129
78 116 143 149 150
84 122 143 152 153
47 72 93 94 97
47 110 131 132 135
72 110 144 145 148
54 79 93 98 100
54 117 131 136 138
79 117 144 149 151
93 131 144 156 157
60 85 94 101 103
60 123 132 139 141
85 123 145 152 154
94 132 145 156 158
64 89 98 101 104
64 127 136 139 142
89 127 149 152 155
98 136 149 156 159
101 139 152 156 160
11 12 13 14 15
11 22 23 24 25
11 161 162 164 167
12 32 33 34 35
12 161 163 165 168
22 32 39 40 41
22 161 171 172 174
32 161 177 178 180
13 48 49 50 51
13 162 163 166 169
23 48 55 56 57
23 162 171 173 175
48 162 186 187 189
33 49 61 62 63
33 163 177 179 181
49 163 186 188 190
39 55 61 65 66
39 171 177 183 184
55 171 186 192 193
61 177 186 195 196
14 73 74 75 76
14 164 165 166 170
24 73 80 81 82
24 164 172 173 176
73 164 199 200 202
34 74 86 87 88
34 165 178 179 182
74 165 199 201 203
40 80 86 90 91
40 172 178 183 185
80 172 199 205 206
86 178 199 208 209
50 75 95 96 97
50 166 187 188 191
75 166 200 201 204
56 81 95 99 100
56 173 187 192 194
81 173 200 205 207
95 187 200 212 213
62 87 96 102 103
62 179 188 195 197
87 179 201 208 210
96 188 201 212 214
65 90 99 102 104
65 183 192 195 198 226 228 229 230 233 235 237
1 2 3 10 13 19 21 34 36 37 38 41 45 50 52 53 54 57 58 61 90 99 101 102 106 107 109 110 113 114 115 183 205 208 211
99 192 205 212 215
102 195 208 212 216
15 82 84 85 86 89 91 93 101 103 104 106 108 109 110 111 112 113 114
15 83 84 85 86 91 92 93 94 97 101 102 104 106 108 109 110 114 116 117 118 121 123 125 145 149 150 152 154 156 157 158 162 164 165 166 167 168 169 170 171 172 173 174 187 188 189 190 196 197 198 201 202 203 205 219 220 221 222 235 236 237 238
2 4 5 6 25 36 37 38 41 43 45 53 54 55 56 60 61 62 111 118 119 120
25 34 35 36 37 38 42 43 44 45 46 49 53 54 56 60 61 62 66 68 69 70 73 75 77 84 85 86 97 101 102 104 108 109 110 116 117 118 122 123 124 125 126 138 139 140 141 142 146 148 149 150 153 154 155 157 165 167 170 171 172 173 174 175 176 182 183 186 187 188 189 190 196 197 198 221 222 228 229 230 233 235 237
4 5 6 9 11 13 24 28 29 30 37 38 41 45 101 102 111 167 217 218 220 226 228 229 230
2 3 4 5 6 10 11 12 13 14 17 21 22 24 28 29 30 34 35 36 37 38 41 43 45 49 53 54 56 57 58 59 60 61 62 83 84 85 100 101 108 109 112 114 116 117 118 121 123 124 125 126 130 132 133 134 137 138 139 140 141 142 153 163 164 165 169 180 181 188 189 201 210 212 213 214 220 221 222 228 229
3 4 5 9 10 11 12 13 14 25 35 36 37 41 52 53 60 61 68 69 70 75 76 77 78 84 85 99 100 101 110 116 117 118 121 124 125 126 132 133 134 137 139 141 142 155 156 157 158 164 165 168 180 181 182 196 197 198 201 218 219 221 222 227 228 229 240
1 2 6 18 20 21 22 30 34 38 46 52 53 54 59 60 61 62 65 83 85 86 90 91 93 94 100 101 102 105 106 107 108 109 110 112 131 132 133 146 150 158 162 164 165 166 168 169 171 172 173 174 179 180 181 195 197 198 202 203 205 206 214 217 218 219 220 221 222
3 4 5 18 22 30 36 37 38 41 43 44 45 46 50 52 53 54 65 69 74 75 77 78 83 84 85 89 90 91 92 93 94 115 116 117 118 124 128 129 130 134 142 148 149 150 153 155 156 157 158 163 165 166 181 186 187 189 190 195 196 197 201 202 203 204 205 206
2 6 14 20 21 35 37 38 41 49 53 61 62 67 68 69 80 81 82 86 97 106 107 109 110 113 117 118 120 126 130 131 132 133 134 138 139 141 142 146 147 149 150 155 161 165 166 168 171 173 174 180 184 185 186 187 189 190 194 198 210 212 213 214 218 219 221 222 225 229 230 232 238
2 3 4 5 6 10 11 13 14 18 20 21 22 25 28 29 30 34 36 37 38 42 43 45 51 53 54 65 75 77 78 82 83 85 86 91 93 94 98 99 101 102 105 106 109 110 116 117 118 132 133 134 141 142 147 149 150 171 173 174 186 189 190 196 197 198 202 203 205 206 209 211 213 214 217 219 221 222 223 224 226 229 230
3 11 13 14 22 28 29 30 33 35 37 49 51 53 54 74 76 77 78 84 85 90 91 93 94 105 114 117 118 122 124 125 126 130 132 133 134 137 146 148 149 150 155 157 158 165 166 173 174 180 181 182 189 190 194 197 198 211 213 214 217 218 220 221 222 226 227 228 229 230 236 237 238
1 2 3 5 20 29 36 37 38 42 50 51 52 59 61 62 67 69 70 75 77 78 82 84 85 86 90 92 93 94 98 100 101 102 105 113 114 116 117 118 123 124 125 130 132 133 134 135 137 139 141 142 145 149 150 152 154 156 157 158 162 164 165 166 169 173 179 181 182 188 189 190 195 196 197 198 203 204 205 206 211 212 213 214 221 226 227 228 229 230 239
4 5 11 12 13 14 23 36 37 38 49 51 76 82 83 84 85 86 87 88 90 93 99 101 124 125 126 140 141 142 146 148 149 150 153 157 161 165 166 168 169 189 190 191 197 202 204 205 206 228 229 230
2 4 5 6 18 19 21 22 26 28 29 30 35 36 37 38 42 43 44 45 46 51 52 53 54 60 61 62 67 69 90 92 93 94 97 106 108 109 110 113 116 117 118 121 125 131 132 133 134 137 147 165 169 170 172 173 174 194 196 197 198 210 212 213 214 218 219 222 225
18 19 20 21 22 23 24 26 28 29 30 35 37 50 52 53 54 57 73 82 84 85 86 93 99 101 106 109 117 119 122 125 130 133 137 138 141 146 149 155 157 162 165 171 173 178 181 187 189 197 205 213 218 221 227 229 237
2 3 5 10 11 13 18 21 26 27 29 34 37 42 45 50 51 53 57 58 61 66 67 69 74 77 82 85 93 101 106 109 115 117 123 125 130 133 138 139 141 146 149 157 165 173 175 179 181 182 186 187 189 190 193 194 195 203 204 205 210 213 229 230 237 238
2 3 11 13 14 19 21 22 26 27 35 37 38 43 45 46 49 50 51 60 61 62 68 69 70 73 75 83 84 85 86 91 92 93 94 97 99 107 108 109 110 115 116 117 118 119 123 131 132 133 134 138 139 140 141 142 147 156 157 158 162 164 165 166 169 171 175 179 180 181 182 186 187 188 189 190 193 195 204 205 206 212 213 214 217 218 219 223 225 227 228 229 230 235 236 237 238
1 3 11 12 13 14 18 19 20 21 22 27 35 36 37 38 43 44 45 46 49 51 57 58 59 60 61 62 83 84 85 100 101 108 109 116 117 118 123 124 125 126 131 132 133 134 139 140 141 142 145 147 155 156 157 158 163 164 165 166 171 180 181 182 188 189 190 203 204 205 206 210 211 212 213 214 218 228 229 230 231 234
1 3 20 21 22 28 29 30 36 37 38 41 45 51 52 53 57 63 74 78 90 98 108 109 118 125 132 133 134 140 141 145 169 172 178 179 180 181 182 183 184 195 197 220 221 222 236 237 238
2 4 5 6 9 13 25 34 36 49 53 58 60 61 62 63 84 85 86 98 100 101 102 113 146 147 148 149 150 151 152 156 157 158 163 165 181 186 188 189 190 193 196 197 202 204 205 206 212 213 214 217 221 225 226 227 233
1 21 26 28 29 30 50 52 53 54 66 68 69 70 81 106 114 115 116 117 118 119 120 122 124 125 126 131 133 146 148 149 150 169 178 180 181 182 189 195 197 202 205 213 218 219 221 226 228 229 237
2 5 11 13 18 21 27 29 34 37 43 45 53 61 69 74 77 83 85 93 98 99 101 106 107 109 114 117 122 123 125 130 133 134 138 141 146 147 149 154 157 162 163 165 170 173 178 181 189 190 197 202 205 211 213 219 221 226 229 230 232 234 235 237
2 5 13 21 29 35 37 38 42 43 45 46 49 50 51 59 60 61 66 69 85 86 93 94 98 99 107 109 110 115 117 118 122 123 128 131 133 134 137 139 140 141 142 145 146 147 156 157 158 164 165 166 169 171 179 180 181 182 187 188 189 190 193 195 203 204 205 206 211 212 213 214 219 227 228 229 230 234 235 236 237 238
3 12 13 14 18 20 21 22 25 27 35 36 37 38 42 43 44 45 46 49 51 60 61 62 66 68 69 70 73 75 83 84 85 86 91 92 93 94 97 99 107 108 109 110 114 115 116 117 118 123 131 132 133 134 139 140 141 142 145 147 156 157 158 162 164 165 166 169 171 179 180 181 182 184 187 188 189 190 193 195 196 198 203 204 205 206 211 212 213 214 219 227 228 229 230 235 236 237 238
1 3 11 12 13 14 19 20 21 22 27 36 37 38 44 45 46 49 51 59 60 61 62 66 67 68 69 70 73 75 83 84 85 86 91 92 93 94 97 99 107 108 109 110 115 116 117 118 121 123 128 131 132 133 134 139 140 141 142 147 155 156 157 158 163 164 165 166 169 171 179 180 181 182 184 187 188 189 190 193 195 203 204 205 206 210 211 212 213 214 217 219 223 226 228 229 230 236 237 238
1 3 12 13 14 18 20 21 22 27 36 37 38 44 45 46 49 51 60 61 62 68 69 70 73 75 83 84 85 86 91 92 93 94 99 108 109 110 114 116 117 118 121 123 132 133 134 137 140 141 142 145 147 155 156 157 158 162 163 164 165 166 171 180 181 182 188 189 190 193 195 204 205 206 210 212 213 214 217 219 223 228 229 230 233 236 237 238
3 18 20 21 22 29 34 35 41 50 53 58 59 69 70 74 76 77 78 90 92 93 94 97 117 118 123 124 129 131 139 140 141 142 147 148 149 150 155 163 164 165 166 170 171 172 173 174 179 188 189 190 194 196 197 198 201 203 211 212 213 214 218 219 220 221 222 225 226 227 230 234 236 237 238
4 5 6 9 11 19 20 21 22 27 28 29 30 33 35 43 44 45 46 50 51 52 53 54 59 67 68 69 70 75 76 77 78 81 83 92 93 94 98 100 101 102 105 107 114 115 116 117 118 123 124 125 126 131 139 140 141 142 146 147 148 149 150 155 163 164 165 166 171 172 173 174 178 180 181 182 188 189 190 196 197 198 203 211 212 213 214 217 221 222 224 226 229 230 234 235 236 237
2 4 5 6 9 12 13 14 17 21 22 24 27 29 30 42 43 44 45 50 52 53 54 58 59 60 61 62 67 68 69 70 75 76 77 78 83 90 91 92 93 99 100 101 102 105 107 115 116 117 118 123 124 125 126 129 131 139 140 141 142 146 147 148 149 150 153 161 169 170 172 173 174 177 185 202 203 204 205 206 220 221 222 225 229 236 237 238
9 10 11 12 13 14 27 28 33 43 44 45 46 49 52 53 54 65 69 70 76 77 78 85 86 89 90 91 92 98 99 100 101 114 124 125 126 132 133 134 140 141 142 155 156 157 158 169 170 172 173 174 177 189 190 194 196 197 198 205 212 217 220 221 222 226 229 234 236
5 12 13 14 26 28 29 30 33 53 59 60 66 67 68 69 70 74 75 76 77 78 80 82 99 100 101 107 108 109 110 119 120 131 132 133 134 143 145 146 149 150 151 152 156 157 158 172 173 174 180 181 182 186 188 189 190 194 196 197 198 201 202 203 205 210 212 213 214 218 220 221 222 234 236 237 238
4 5 6 9 13 20 21 22 26 28 29 30 33 34 52 53 54 58 59 60 61 62 74 76 77 78 82 84 85 86 89 90 93 98 101 106 109 114 116 117 118 121 123 125 130 132 133 134 143 146 147 149 151 154 156 157 158 167 171 173 175 176 180 181 182 191 193 197 199 202 204 205 206 207 215 217 219 221 223 228 229 230 239
1 5 6 8 12 13 14 17 21 22 24 25 29 30 32 37 38 43 44 45 46 49 50 51 52 53 54 55 56 60 61 62 68 69 70 73 75 76 77 78 92 93 94 98 100 101 102 105 109 116 117 118 120 121 122 123 124 125 126 137 139 140 141 142 148 149 150 155 156 157 158 170 172 176 177 209 210 220 224 225 228 229 230
17 21 22 24 26 28 29 30 33 41 45 46 48 49 53 54 56 66 68 69 70 74 75 76 77 78 89 90 92 93 94 107 108 114 116 117 118 121 146 169 172 174 175 178 181 182 196 197 198 202 220 235 236
18 73 83 84 85 88 89 100 101 108 109 116 117 118 123 124 125 126 147 148 149 153 154 164 165 172 173 180 181 182 185 186 187 188 189 190 211 212 213 228 229 236 237
4 5 6 9 11 12 13 14 25 26 27 28 29 30 35 36 37 48 49 50 52 53 66 68 69 70 76 77 78 88 100 101 102 116 117 129 145 146 147 148 149 154 156 157 158 163 164 165 176 177 178 180 181 182 185 201 203 204 205 206 209 210 211 213 214 228 229 230 235 236 237 238
6 9 10 11 12 13 14 25 29 36 37 38 43 45 46 49 50 51 53 54 59 61 66 69 74 77 82 84 85 86 90 91 93 99 101 107 109 114 117 122 123 125 126 129 133 134 136 139 141 146 149 155 157 162 165 170 173 178 180 181 182 186 187 189 193 198 200 202 205 211 213 214 218 220 221 222 225 226 227 228 234 236 237 238
4 5 6 9 10 17 26 28 29 30 36 37 38 42 43 45 58 59 61 62 66 67 69 70 75 77 78 84 85 86 89 91 93 94 97 101 102 104 106 107 109 110 113 115 129 133 134 139 141 142 145 147 149 150 154 155 157 158 162 163 165 166 170 173 174 180 181 182 185 189 190 195 197 198 202 203 205 206 219 221 222 227 229 230 234 235 237 238
11 13 14 18 19 21 22 26 27 29 30 33 34 42 45 61 62 68 69 70 73 76 77 78 82 85 91 92 93 98 100 101 102 114 116 117 118 121 122 124 125 126 129 130 133 137 139 141 142 149 150 153 155 162 164 165 166 172 173 174 181 187 189 190 195 197 198 205 206 210 212 213 214 217 219 221 229 234 237 238
2 5 6 10 13 14 21 25 37 38 45 50 52 53 54 57 58 59 61 66 67 77 81 85 86 91 93 98 101 106 109 116 117 118 122 123 125 130 133 138 141 146 149 154 155 157 161 165 166 168 170 173 178 181 185 186 187 189 196 197 198 201 205 206 208 209 211 212 213 214 217 219 221 226 229 234 237 238
2 4 5 6 10 13 17 21 22 24 28 29 30 34 36 37 38 41 42 49 53 54 56 58 60 61 62 66 68 69 70 73 74 75 77 90 91 93 99 101 106 109 115 117 122 123 125 129 133 141 146 147 149 154 157 162 163 165 170 173 178 181 185 189 194 195 197 202 205 210 213 221 224 226 227 229 234 237
5 10 13 18 19 21 26 27 29 34 37 43 45 50 53 59 61 67 69 75 77 82 85 91 93 98 101 106 109 116 117 118 121 123 125 130 133 138 141 148 149 150 153 154 155 157 165 169 172 173 174 177 180 181 182 188 189 190 194 197 202 205 206 212 213 214 217 218 219 221 224 228 229 230 235 236 237 238
4 5 6 12 13 14 21 29 34 36 37 38 43 44 45 52 53 54 58 61 65 68 69 70 85 93 98 100 101 102 107 108 109 116 117 118 121 123 125 130 132 133 134 138 141 146 149 153 154 157 161 164 165 166 170 173 178 180 181 182 194 197 202 205 209 210 212 213 214 217 218 219 221 226 227 229 233 235 237 238 239 240
2 4 5 6 9 11 13 18 21 26 29 30 34 36 37 38 42 45 49 53 54 56 58 61 66 69 74 75 77 82 85 89 90 92 93 94 97 106 108 109 110 114 116 117 118 121 125 126 128 130 132 133 134 135 140 141 142 148 149 150 157 158 178 180 181 182 189 193 201 203 205 206 217 221 222 226 227 233 234 235 237 238
11 12 13 14 18 20 21 22 26 27 28 29 30 36 37 38 41 42 43 45 49 57 66 67 68 69 70 75 76 77 78 84 85 86 90 93 97 108 109 110 114 116 117 118 121 132 133 134 137 138 139 141 145 153 156 157 158 161 164 165 166 172 173 174 178 181 186 189 191 194 196 197 198 202 203 204 205 206 210 212 213 214 218 221 228 229 230 234 237
2 4 5 6 9 11 13 21 35 37 38 42 43 45 50 52 53 54 58 61 67 69 70 77 78 82 83 85 90 93 98 100 101 102 104 107 109 110 117 121 123 125 126 130 132 133 134 135 138 141 146 149 154 157 162 163 165 166 169 178 180 181 182 188 189 190 191 204 205 206 210 212 213 214 217 219 221 222 228 229 230 231 232 236 237 238
4 5 6 11 13 18 21 26 27 29 39 84 85 86 93 98 99 101 105 109 110 111 130 133 134 137 148 153 155 157 162 165 170 171 173 181 182 183 186 194 203 204 205 206 209 222 226 228 229 230 233 235 236 237
13 18 21 29 34 37 42 43 45 50 52 53 54 58 59 61 66 69 73 82 84 85 86 89 90 91 93 98 100 101 102 107 109 113 123 124 125 130 132 133 134 137 138 139 141 146 149 151 155 156 157 159 165 178 181 186 188 189 190 194 196 197 198 203 205 211 213 226 228 229 230 233 234 237
12 13 14 19 20 27 28 29 33 42 44 45 46 93 97 99 100 101 107 108 109 193 194 195 197 199 201 203 207 213 215 237
138 194 225 231 233
151 207 225 236 238
157 213 231 236 240
103 141 154 158 160
85 90 92 97 98 100 103 104 197 210 214 216
141 197 228 232 234
154 210 228 237 239
158 214 232 237 240
104 142 155 159 160 162 164 165 166 169 170 171 173 185 187 188 189 190 193 195 196 197 198 203 204 205 206 213 221 228 229 230 233 234 235 236 237
2 4 5 6 10 13 18 20 21 22 26 29 34 37 42 45 49 51 52 53 54 58 61 68 69 70 73 82 85 90 93 98 100 101 102 104 107 109 115 117 118 122 125 130 132 133 134 139 141 145 157 161 165 166 168 170 173 178 181 185 186 187 188 189 194 196 197 198 205 211 212 213 214 215 216 220 221 222 235 237 238
142 198 229 233 234
17 21 22 24 41 49 50 51 52 53 60 61 62 66 68 69 70 73 74 77 85 86 89 93 100 101 102 108 113 114 115 116 117 130 133 137 138 139 140 141 147 148 149 154 155 157 164 165 166 169 173 178 181 189 190 195 197 209 210 211 212 213 214 219 220 221 227 228 229 238 239 240
1 2 3 4 5 13 30 37 43 44 45 65 84 85 86 89 93 98 116 117 118 124 125 126 129 130 154 157 158 159 169 170 178 185 186 215 217 218 226 227 228 233 234 238 240
34 36 41 42 49 50 55 62 65 75 76 77 83 84 85 91 92 93 116 117 118 121 122 123 124 125 126 160 169 171 172 173 174 181 182 186 189 190 194 197 198 203 205 206 216 217 226 228 229 230 233 234 236 237 238 239 240
4 2 2 3 3 1 1 3 4 2 1 2 1 3 4 4 4 2 1 1 4 2 2 2 1 2 4 3 1 4 2 3 1 4 3 2 4 2 4 2 4 1 2 1 2 2 1 4 3 2 2 2 1 1 1 3 1 1 3 4 3 3 2 1 2 2 2 1 1 2 3 2 4 2 2 3 4 1 2 2 4 3 2 2 2 4 2 1 4 3 1 4 2 3 1 3 1 2 3 1 2 2 4 1 2 3 2 2 3 1 2 4 2 4 4 3 3 4 1 1 1 2 3 1 4 1 2 3 3 3 3 2 3 1 4 2 4 1 4 2 3 4 3 2 1 3 1 4 4 3 1 3 4 4 3 4 2 1 2 3 4 3 2 3 3 3 1 1 3 3 3 3 4 3 1 3 3 4 4 4 2 2 1 4 4 2 1 2 4 1 1 1
