50 500
8 9 11 12 13 15 18 25 26 27 31 32 33 34 43 44 45 46 47 50
5 7 8 9 13 14 16 18 21 23 27 31 34 35 36 41 42 45 48
1 2 7 10 13 14 19 22 23 25 26 31 38 40 41 42 46 50
1 9 10 13 14 15 18 21 23 28 31 33 35 42 43 46 47 50
3 6 11 14 15 17 21 22 23 25 26 28 34 36 42 43
3 14 16 17 19 22 23 27 28 29 34 37 38 39 40 50
5 8 13 15 16 20 21 23 28 29 32 33 35 42 43 47
8 17 19 24 27 28 29 32 34 36 38 40 42 45 46 48
3 4 5 12 19 23 24 29 31 35 38 40 41 42 46 50
2 4 5 7 18 26 27 28 29 32 36 38 39 40 42 44
7 10 12 14 17 19 21 22 29 31 39 40 44 45 46
3 6 10 12 16 17 22 31 32 35 38 39 40 45 50
1 4 5 10 15 17 20 23 24 26 30 37 40 46 48
3 5 12 13 19 21 22 24 29 30 33 37 41 49 50
1 5 7 12 23 25 32 35 37 39 40 44 45 46 50
1 5 8 10 11 13 14 19 23 27 36 39 44 47 50
6 7 17 21 24 29 30 31 36 37 40 41 42 46 47
2 5 9 14 15 16 21 22 28 30 38 40 43 46 48
6 7 11 12 13 14 17 18 26 32 35 42 45 48 50
5 7 9 10 15 18 22 26 28 29 34 39 42 45 48
7 11 12 16 23 25 26 27 29 33 37 43 44 45 50
6 15 16 18 20 26 28 30 35 37 39 44 45 49 50
5 7 8 10 15 16 18 26 30 32 34 35 38 40 47
7 10 11 20 21 24 25 27 28 33 34 37 39 44 47
2 5 11 13 18 19 20 23 25 28 32 35 40 48 50
4 11 12 13 14 15 19 21 25 26 27 28 44 47 48
3 7 13 15 20 21 30 33 38 42 44 45 46 48 49
6 9 10 21 23 24 26 28 29 32 36 37 39 43 49
3 4 10 11 17 18 19 25 26 28 29 37 43 44 45
1 4 6 7 8 9 13 15 24 28 43 44 46 48 49
1 7 8 12 20 23 25 32 35 38 40 41 42 45
1 6 10 14 18 19 25 28 33 34 47 48 49 50
5 9 10 13 14 29 32 36 37 39 42 45 47 50
1 3 4 8 11 21 22 24 26 31 38 39 45 50
11 12 13 14 16 17 20 26 27 36 44 46 48 49
1 3 21 22 29 34 35 37 40 43 44 45 46 48
1 2 3 9 10 15 18 28 30 31 38 46 48 50
4 5 6 11 18 27 28 31 34 37 41 45 47 50
11 17 19 24 25 26 28 30 35 40 41 43 47 49
3 6 11 12 13 15 16 20 30 32 36 39 43 44
2 3 6 7 10 14 15 25 33 40 41 42 43 48
3 6 7 9 14 17 20 25 29 31 45 46 49 50
4 6 7 14 15 19 21 24 32 35 39 42 46 50
4 8 9 10 13 18 19 20 24 25 28 33 40 44
1 19 20 26 31 32 33 36 37 40 45 46 47 49
3 4 7 9 10 12 24 25 26 27 28 32 39 40
16 19 23 25 30 34 35 37 42 44 47 48 49 50
1 4 6 12 13 15 21 22 32 35 36 38 47 49
1 2 7 8 13 14 16 20 23 25 34 37 42 46
7 12 15 20 22 23 24 25 26 32 33 45 48 49
5 8 11 15 18 23 24 29 34 37 38 42 45 47
2 6 7 8 13 18 28 36 38 42 43 44 47 49
8 13 14 16 17 18 21 27 28 33 36 38 42 47
4 7 12 13 14 18 23 25 29 31 32 43 45
3 4 18 19 25 28 29 32 38 40 41 46 49
3 9 10 15 24 26 32 35 36 38 40 47 49
1 2 4 6 9 18 19 29 30 32 38 40 49
3 7 11 12 16 18 25 26 29 32 43 45 49
1 3 5 7 11 14 15 16 17 18 41 42 45
1 10 11 13 18 22 25 31 32 35 43 44 45
1 2 10 11 19 20 23 24 26 27 32 33 34
5 7 15 25 30 33 35 42 43 44 45 46 48
3 4 8 14 15 20 27 30 31 37 39 42 50
1 4 14 16 18 25 28 29 37 43 44 48 49
1 2 5 6 8 17 18 19 20 22 35 38 49
1 5 6 8 11 12 13 14 16 20 23 29 43
2 4 5 8 12 13 14 25 26 31 32 43 50
16 20 21 23 25 30 32 33 34 35 41 43 47
2 5 10 12 21 27 29 30 32 41 42 47 48
12 13 15 17 19 20 23 27 28 34 43 45 46
2 6 12 15 21 22 25 27 29 37 40 45 47
1 2 6 8 15 16 23 25 27 33 45 46 47
1 4 10 15 21 22 27 29 30 43 44 49 50
2 3 14 20 29 31 39 41 42 43 44 49 50
14 16 21 23 27 30 31 33 38 40 46 49 50
1 6 10 17 18 26 31 34 35 38 42 44 47
4 8 10 11 16 20 25 34 42 44 46 48 50
6 8 17 20 25 28 29 30 37 38 46 47 48
2 4 11 16 19 25 29 31 34 37 38 45 49
7 10 17 20 26 30 32 33 37 42 43 44 45
3 14 15 17 18 22 27 30 34 37 41 44 46
2 5 11 12 13 17 19 28 36 38 41 43 50
2 5 7 8 9 10 16 22 28 32 35 45 47
5 9 13 20 23 24 25 26 30 40 42 46 48
8 11 18 23 29 32 34 36 39 41 42 44 47
7 11 14 15 16 22 24 26 28 32 41 42 47
1 2 4 6 8 9 18 27 29 32 33 49 50
1 2 3 5 14 20 23 25 27 34 37 41 50
3 5 7 8 10 11 13 14 20 30 32 42 43
10 12 14 17 18 32 33 34 40 41 44 46 47
2 3 9 26 31 34 38 41 42 44 45 49 50
2 7 15 16 17 31 34 35 36 39 44 47 48
1 2 6 13 25 28 29 30 41 42 43 49
9 10 13 14 15 17 23 31 38 39 46 49
1 3 4 8 31 33 36 37 38 41 47 48
3 4 10 14 22 26 33 38 39 42 44 46
6 7 8 12 20 22 32 37 38 42 48 50
1 8 13 14 18 21 25 29 33 40 48 49
5 6 11 13 23 35 36 39 41 42 46 47
3 4 11 15 16 17 29 33 34 40 43 48
8 10 11 12 13 30 35 39 40 41 42 50
2 3 10 15 16 17 18 20 34 41 42 45
3 11 15 18 25 26 32 36 40 43 45 49
7 10 11 13 16 22 24 30 32 34 38 42
2 3 9 20 22 29 34 35 37 39 48 50
1 6 15 20 21 24 28 36 41 44 47 48
2 3 8 18 19 23 25 27 36 40 41 48
2 8 10 13 14 20 27 29 40 41 46 47
1 6 13 23 28 30 40 41 43 44 46 49
7 10 15 16 17 18 25 27 28 42 48 50
2 10 11 14 18 19 21 27 30 31 36 41
1 3 8 9 11 12 15 19 20 45 46 48
2 5 9 18 20 21 28 29 35 37 39 43
3 5 8 13 17 20 30 38 41 45 46 50
10 11 12 17 24 25 28 32 40 43 47 49
1 4 15 16 20 21 22 25 28 36 40 42
7 10 11 12 20 22 29 32 33 38 43 50
7 8 9 19 25 27 29 32 36 37 42 44
1 2 7 11 12 19 24 31 37 39 44 45
6 14 22 26 33 35 37 39 40 42 43 44
3 5 8 12 15 18 19 23 31 39 43 48
10 18 21 24 27 32 35 38 40 42 44 47
5 10 12 16 22 24 28 31 32 41 42 47
3 4 5 10 11 13 20 31 33 40 43 46
2 3 4 11 17 18 20 21 26 34 45 50
9 10 18 25 31 33 35 38 39 40 42 49
3 7 8 9 11 19 23 35 39 41 43 48
3 7 9 17 23 25 34 35 40 43 45 49
4 15 20 23 24 25 33 37 40 44 47 48
1 4 18 19 26 29 34 39 44 45 47 49
1 13 14 17 18 21 25 37 39 40 44 45
7 8 9 11 15 22 23 26 28 31 37 39
7 10 14 16 19 25 26 27 37 42 45 50
5 8 9 16 18 23 28 31 33 43 47 50
9 11 14 16 21 25 30 31 36 40 44 45
1 2 7 11 20 22 25 28 31 39 44 47
5 7 14 19 20 27 34 35 39 40 46 47
6 8 11 13 16 22 35 36 38 41 43 48
8 13 15 16 18 31 32 35 37 39 40 50
2 8 9 10 15 19 24 29 35 37 40 50
2 7 8 11 21 22 28 43 44 45 46 48
6 12 17 24 26 34 38 41 43 44 47 49
2 7 14 18 20 26 28 37 38 41 44 47
9 12 20 22 25 29 31 36 41 46 47 50
12 14 16 18 24 25 26 30 34 39 42 50
7 10 13 18 19 21 26 29 36 43 46 47
5 10 13 17 20 23 24 26 29 30 35 47
3 16 17 21 24 25 26 36 37 39 47 48
7 8 11 15 19 23 24 26 30 35 40 46
7 13 20 26 33 34 36 40 44 45 46 49
1 6 8 19 25 31 32 35 40 43 44 49
1 3 4 6 21 23 24 30 40 48 50
1 3 5 7 12 14 19 28 37 41 44
4 9 12 20 21 25 27 33 34 35 47
5 9 13 14 18 23 26 33 34 40 44
3 6 7 11 12 18 32 36 38 44 47
4 5 8 14 17 21 22 24 28 38 47
3 9 14 17 19 21 22 29 30 45 49
10 13 25 28 32 34 36 41 44 47 50
2 6 10 17 26 30 34 41 44 45 50
3 9 10 22 24 25 30 38 44 46 48
2 5 19 20 21 22 23 38 39 41 46
6 13 18 20 21 31 32 35 37 41 45
1 3 9 11 21 23 24 29 35 38 46
2 8 9 13 19 25 28 32 36 48 49
1 5 6 16 22 25 26 30 32 45 46
5 6 9 13 14 23 29 36 43 45 50
6 10 12 14 20 23 27 30 34 35 49
6 9 14 16 22 23 35 37 41 48 50
1 8 10 12 21 24 27 30 39 43 50
5 6 7 9 13 29 35 38 45 49 50
9 13 14 23 24 31 34 35 36 42 49
1 4 5 9 12 27 35 38 39 42 50
6 8 18 19 39 42 43 44 45 49 50
1 4 11 13 19 25 27 30 36 41 49
7 13 17 18 25 26 34 40 43 46 49
3 5 7 12 19 24 29 30 31 38 49
5 10 14 15 17 20 23 28 35 45 46
1 6 10 11 15 20 35 37 41 43 49
5 9 16 30 31 32 34 35 40 44 49
3 6 20 21 24 26 27 28 30 36 47
7 10 12 13 17 20 22 27 28 39 41
3 4 9 17 25 30 39 41 42 43 44
1 6 14 15 21 25 29 30 45 46 49
1 2 4 9 17 18 28 31 45 47 49
8 9 11 12 13 35 39 43 44 46 49
5 8 14 17 24 27 33 35 37 39 50
1 2 5 8 9 17 21 34 40 42 47
1 9 12 14 22 25 26 38 43 48 50
9 13 15 16 19 22 23 28 29 33 41
2 12 13 17 19 24 28 29 32 41 43
1 7 12 14 26 27 35 36 40 43 44
1 5 25 26 29 32 33 35 41 46 50
1 6 10 13 25 33 34 36 38 40 42
1 7 13 18 27 28 37 38 39 44 46
1 2 19 20 25 31 34 44 46 49 50
10 13 20 22 26 27 29 30 34 40 47
13 14 16 17 18 19 21 24 25 30 47
4 9 12 19 26 27 31 38 42 44 48
4 5 6 8 18 19 22 23 26 32 50
1 3 11 14 19 20 22 31 39 41 49
8 11 15 25 27 36 43 44 45 46 48
3 4 9 12 14 16 22 25 31 39 46 47 48 49 50
3 4 5 7 10 11 12 13 16 20 21 23 29 31 34 36 40 44 45 47 48
1 3 5 9 10 11 12 13 14 17 18 19 21 32 38 45 50
2 9 11 12 16 17 19 20 21 22 23 24 25 27 30 33 40 41 42 44
2 8 9 11 30 36 38 42 44 47 49
4 12 15 16 20 22 23 24 27 45 49
2 3 5 6 21 23 25 27 28 37 38
1 2 4 11 25 28 31 37 46 49 50
2 6 10 13 15 21 29 33 34 35 50
3 7 9 19 29 30 33 38 42 46 50
1 6 10 11 26 30 35 39 41 42 46
1 5 10 12 13 19 21 30 36 38 40
2 6 16 24 28 32 35 41 42 46
1 8 14 15 16 17 28 38 43 46
1 7 18 23 27 28 31 32 38 45
2 4 7 13 32 37 43 44 45 48
2 4 17 25 27 32 33 40 43 50
5 6 8 12 13 15 16 19 21 23 30 31 33 34 35 36 37 39 40 43 45 47
4 8 9 11 12 21 22 28 31 45
2 10 12 21 22 26 32 33 41 43
3 6 8 9 20 23 25 28 41 46
20 21 23 25 27 28 34 38 44 49
1 2 3 4 5 6 11 12 13 14 17 19 20 22 23 25 26 27 29 30 34 35 37 38 41 42 43 45 48
1 9 17 18 20 21 23 24 25 26 27 28 32 33 35 36 39 41 42 43 44 47
2 5 7 8 9 10 15 17 18 21 22 23 25 29 36 39 40 41 42 44
2 5 6 7 8 10 12 13 15 16 25 29 32 37 43 44 45 47 48
1 3 4 5 9 13 14 15 16 19 21 22 32 34 38 39 45
8 17 20 24 31 34 36 39 42 46
11 12 20 24 26 33 35 37 39 44
1 2 6 7 31 34 39 46 47 49
9 11 17 29 30 34 35 36 37 38 41 42 43 44 45 46 47 48
1 2 4 5 9 10 11 12 15 16 17 18 19 20 23 25 27 28 30 35 36 46 49 50
2 3 6 7 9 10 11 15 17 18 22 23 24 25 26 28 29 31 32 33 36 37 38 39 40 41 42 46 47 49 50
2 3 4 5 6 7 13 15 20 21 22 23 24 25 32 33 36 37 38 39 40 44 45 47 48 49
18 21 22 26 27 29 30 31 33 35 37 39 43 45 46 48 49
1 2 3 6 13 14 17 19 20 21 23 26 27 28 31 32 33 35 46
2 5 6 20 25 28 33 41 42 43 44 46
1 2 9 23 28 30 42 45 49 50
2 4 8 14 18 21 29 32 38 43
4 16 18 19 20 21 26 27 32 33 34 35 36 37 38 39 40 41 42 43 44 49 50
2 3 5 7 9 10 12 14 15 17 18 21 23 25 31 32 33 34 35 37 38 39 40 41 42 49
6 8 11 14 15 16 17 18 20 30 31 32 38 39 44 45 47 48
1 2 3 4 5 6 10 11 13 14 17 18 19 20 21 22 23 25 27 31 33 34 37 44 45 49
1 5 10 11 15 16 18 19 21 23 25 31 32 39 40 41 43 44 47 50
1 2 8 9 13 21 24 25 27 29 30 31 32 33 34 35 38 43 44 45 47 50
1 5 6 7 8 11 18 22 23 30 31 35 37 39 40 42 45 46 47 48
4 5 11 18 20 21 25 29 30 31 32 35 37 38 41 44 45 46 49
1 3 4 7 9 11 12 14 15 22 23 25 26 27 28 34 35 40 50
1 4 5 8 12 15 17 18 21 22 28 38 39 41 42 45 48 49
6 7 10 11 12 15 16 20 22 24 26 28 29 30 31 32 39 40 44 47 48
2 3 5 6 7 8 11 12 13 14 17 19 20 21 22 25 27 43 45 46 50
1 3 4 9 11 12 15 16 17 18 19 20 22 28 33 35 36 37 42 43 45 46
4 6 9 10 12 17 18 20 22 23 24 25 26 27 29 31 32 33 34 36 39 40 41 48
5 7 8 11 12 13 15 16 18 19 21 23 24 27 28 29 30 31 32 42 44 47 50
4 5 12 14 15 18 21 22 29 30 33 35 36 37 38 40 41 43 44 45 46 47 50
1 3 4 17 18 19 22 24 25 27 28 30 34 35 39 40 41 42 43 44 45 47
1 2 7 12 13 16 17 18 20 21 30 33 34 40 41 42 47 48 49 50
1 3 5 6 7 8 13 14 15 16 29 30 31 35 36 37 38 39 40 42 43 46 47
1 2 3 4 5 6 16 23 24 31 32 33 37 40 42 45 46 50
3 4 8 9 10 11 19 25 27 28 31 33 36 37 39 41 42 43 45
1 2 6 8 9 11 20 21 22 25 26 27 31 37 42 46 47 48 49 50
4 5 6 8 9 13 15 16 17 20 21 22 23 24 28 29 31 32 33 36 37 39 40 45 46
3 4 6 7 11 13 14 21 22 24 26 27 28 29 30 34 36 37 38 45 50
1 3 4 8 9 11 12 17 18 20 21 22 23 24 27 28 29 32 33 34 35 36 40 41 42 43 44 46 48 49
1 2 4 5 8 9 10 14 15 17 18 19 22 23 24 25 31 33 34 41 45 46 48
5 6 7 8 12 13 15 16 17 18 21 23 24 25 28 29 31 32 35 36 39 40 43 45 47 48
8 11 13 14 15 21 22 27 28 29 30 31 37 38 40 49
1 3 4 5 6 10 15 16 19 20 22 24 25 27 28 32 33 35 36 39 41 43 44 47 49
1 2 4 6 9 10 19 23 31 33 34 37 40 41 42 46 47 49 50
3 5 7 11 17 19 21 23 24 25 29 31 43 44 45 47 48
3 4 5 7 10 11 13 14 17 20 21 24 25 26 28 34 37 38 39 40 42 43 45 46 49 50
1 3 4 7 15 16 17 19 20 21 25 26 27 28 30 32 35 36 38 40 42 43 44 48
1 2 7 9 10 14 17 18 22 30 31 33 34 38 39 41 42 43 46 47 49 50
6 7 8 9 10 11 12 13 15 27 29 37 38 39 42 43 45 46 47 48 50
1 2 10 11 14 19 21 22 26 27 29 30 35 36 37 38 42 43 45 46 50
1 3 4 6 8 9 11 12 15 17 22 24 25 27 28 29 30 31 33 34 35 39 40 41 43 44 45 47 49
1 2 6 7 8 10 11 12 14 15 17 18 22 23 25 26 27 29 31 33 36 39 41 42 45 48 49 50
1 2 5 6 7 8 10 12 13 14 15 16 19 21 22 23 24 31 34 35 36 37 38 39 40 49
2 4 5 7 8 11 12 13 14 21 23 24 33 35 37 38 39 43 48 49
1 4 5 7 13 22 23 25 28 32 33 34 35 36 37 38 40 43 49
1 3 8 11 15 19 23 25 26 28 32 39 41 42 46 47 48 49 50
2 3 5 7 8 9 13 14 16 17 19 25 27 28 40 45 47 50
2 3 5 6 11 12 15 27 29 30 34 38 40 42 43 45 46 47
1 4 5 8 9 11 12 16 17 18 19 20 23 24 25 26 27 28 32 33 34 35 36 39 41 42 43 44 49
1 2 7 9 15 17 20 27 28 30 31 33 34 35 37 38 42 46 47 49 50
1 3 4 5 7 8 11 13 15 21 22 23 24 27 37 42 46 49
5 6 10 11 13 14 16 23 24 34 35 36 37 38 46 48 50
1 3 4 7 10 15 23 24 30 39 42 48 49 50
1 2 3 4 6 7 8 9 10 15 17 19 26 30 31 33 34 35 37 38 48
1 3 6 12 13 15 16 18 21 23 29 31 36 37 39 42 45 47 49 50
2 3 4 5 6 10 11 13 18 19 21 25 26 27 29 35 37 38 42 43 45
1 2 3 7 8 9 11 14 15 17 19 25 27 30 33 35 41 42 43 48 49
1 2 3 4 7 9 11 15 17 22 23 25 26 28 29 30 31 33 35 38 39 41 46 47 49
4 5 7 12 13 14 15 20 21 23 28 29 31 36 37 39 43 44 45 47 50
2 3 5 11 12 13 19 21 26 27 29 31 35 36 37 38 39 42 43 44 45 50
1 3 8 9 11 13 14 16 17 19 25 26 27 30 31 33 34 35 41 43 48 49
1 2 3 6 7 9 10 13 14 15 16 17 20 23 24 25 28 30 31 33 42 48 49 50
2 7 8 12 13 21 23 24 29 31 32 33 36 37 41 44 45 46 47 48 49
1 2 3 5 6 8 9 10 11 20 21 22 26 27 28 29 30 31 33 35 43 44 45 46
1 2 3 4 7 9 10 11 17 18 19 20 25 26 27 28 33 34 40 41 42 43 44 47 48 49 50
1 2 4 7 9 10 12 16 17 18 22 24 25 26 28 29 31 38 39 40 41 42 46 47 48 49 50
3 5 7 8 14 15 16 18 19 22 23 24 27 28 29 34 36 37 38 39 40 41 45 46 47 48
1 3 7 11 12 13 14 18 19 20 21 22 24 25 27 34 35 36 37 38 42 43 44 45 46 49
1 2 7 8 9 10 11 12 14 22 31 32 33 34 35 49 50
1 4 5 8 9 15 17 18 21 23 24 25 26 29 31 32 33 34 39 40 41 42 43 44 45 47
5 6 7 8 13 14 15 16 21 26 30 31 32 34 38 39 40 42 46 47 48
2 3 4 5 6 8 10 11 12 13 14 20 21 27 28 29 34 41 43 47 50
3 7 9 11 12 14 18 19 20 21 25 27 28 31 33 35 41 42 43 47
2 3 10 11 14 16 17 18 25 26 30 38 46 48 49
7 8 9 18 21 23 24 31 32 33 34 35 37 38
4 6 9 10 12 17 18 19 20 21 22 23 24 31 32 35 37 41 45
8 9 11 12 15 19 20 25 27 28 32 33 35 36 39 40 41 43 45 48 49
5 8 9 10 14 15 24 27 28 29 30 33 38 39 41 42 48 49
8 13 15 16 24 28 29 31 32 35 38 39 43 49
4 7 9 13 17 18 20 21 26 27 28 29 30 31 32 35 37 38 41 43 44 45
1 2 16 17 18 19 20 22 23 29 32 33 35 36 37 41 43 44 46 47 48 49
1 5 6 7 11 13 16 21 26 27 36 37 41 43 46 47 49 50
11 12 18 20 21 23 24 26 34 36 37 39 40 44 47 50
1 10 14 16 17 20 26 27 29 34 35 36 37 38 39 40 42 43 45 46 48 49 50
1 3 7 11 16 17 19 20 30 31 33 39 46 47 48
1 2 5 7 8 9 10 12 15 17 22 23 25 31 33 36 38 39 41 46 47 49
2 3 5 7 12 13 15 20 21 23 27 28 29 31 32 34 37 38 39 44 45 47 49
3 4 5 9 11 13 14 19 21 25 27 29 34 35 37 39 43 45 46 47
1 3 8 9 11 16 17 18 19 20 24 25 27 29 32 33 34 35 39 40 41 43 46 48 49 50
1 4 5 6 7 9 11 13 14 15 17 22 23 25 27 30 31 33 38 39 41 42 47 48 49
5 7 12 13 15 19 21 23 27 29 31 34 36 37 39 43 44 45 46 47
2 3 4 5 9 11 12 13 19 21 25 27 29 35 37 38 39 41 42 43 45 46 47 49 50
1 9 10 11 13 16 17 19 21 22 24 29 35 36 43 44 47 48 49
3 4 7 8 9 10 13 15 17 18 20 22 23 26 28 31 33 34 39 41 42 45 46 47
6 7 8 14 15 16 17 19 21 23 29 30 31 32 37 38 39 40 43 45 46 48 49
2 3 4 5 6 8 11 12 13 14 18 19 26 27 28 29 30 34 35 36 37 38 40 43 44
2 3 4 8 10 11 12 15 17 24 25 26 27 28 31 32 33 34 35 36 39 40 41 42 50
1 2 3 8 9 10 13 14 15 18 20 21 23 24 25 26 29 31 32 33 34 37 39 40 47 48 49 50
2 4 5 6 7 8 11 13 17 21 22 23 24 25 29 30 31 32 34 35 37 46 47 48 50
2 4 5 6 9 11 12 13 19 20 21 22 25 27 28 29 30 34 35 43 44 45 46 49
1 2 3 4 8 9 17 18 19 20 25 26 27 28 31 32 33 41 42 43 44 46 49 50
1 2 4 6 7 16 17 18 21 24 25 26 29 31 33 38 39 40 41 42 43 46 47 48 49 50
3 5 6 13 14 15 16 21 22 23 24 25 27 29 35 37 38 39 40 45 46 47 48
1 3 11 12 13 14 19 20 21 22 27 29 30 33 35 36 37 38 43 44 45 46 47 49
1 5 7 9 10 11 12 14 17 18 19 20 23 25 32 33 34 35 36 40 41 42 43 44 45 47 49 50
5 7 8 9 10 11 13 14 16 17 18 21 23 27 32 33 34 38 40 41 42 47
5 6 7 8 11 14 15 16 19 21 28 30 31 32 34 36 38 39 40 42 43 45
1 3 4 5 6 10 11 12 13 14 17 19 23 26 28 29 30 33 34 36 37 38 41 43
2 3 4 10 11 12 14 15 17 25 26 27 28 32 33 34 35 36 37 38 40 41 42 44 48 50
1 2 4 8 9 10 13 15 16 22 24 25 26 30 32 33 34 35 36 37 39 47 48 49 50
6 7 8 13 18 26 27 28 31 32 33 36 37 39 40 44 45 48
1 5 6 8 10 13 16 18 19 20 23 26 28 29 30 34 35 37 38 50
1 3 4 7 14 21 27 28 29 30 33 34 36 38 39 41 43 47 49 50
1 2 7 8 9 10 14 15 23 24 25 26 29 30 31 32 33 34 39 46 48 49 50
3 4 6 7 8 11 13 16 18 21 22 23 24 28 29 30 31 32 35 37 42 46 47 48 49
3 4 5 6 7 9 10 11 16 19 20 21 22 27 28 29 30 33 35 41 43 44 45 46 50
1 2 3 4 9 15 16 17 18 19 20 25 26 27 28 31 33 37 38 40 42 43 44 46 48 50
1 2 5 7 10 12 15 16 17 18 23 24 25 26 28 30 31 37 39 40 41 42 45 47 48 49 50
1 2 5 9 12 13 14 15 16 21 22 23 24 27 28 29 31 32 37 38 39 40 45 47 48
2 3 4 6 11 12 13 14 18 19 20 22 23 26 29 30 32 34 36 37 40 42 43 45 46 49
1 2 3 4 9 10 12 13 17 19 20 27 29 31 32 33 34 35 40 41 43 44 48 49 50
1 2 3 6 7 8 9 10 14 15 16 17 18 19 20 23 30 32 33 38 39 40 41 42 45 47
3 5 6 7 8 13 14 15 16 19 21 22 29 30 31 32 33 36 37 38 39 40 43 46 47
1 4 9 10 12 13 14 17 19 25 26 27 28 41 44 45 46
3 4 6 9 11 12 15 19 25 27 28 39 40 41 42 43 44
7 8 11 13 15 18 23 24 25 26 29 31 33 34 38 44 45 49 50
3 5 6 7 8 9 14 15 16 19 20 21 22 28 29 30 31 32 40
1 4 5 6 7 11 12 13 14 19 20 21 22 35 36 37 38 48 49
1 3 4 5 7 8 19 20 21 24 27 28 31 33 35 40 47 50
6 9 12 14 15 25 31 32 33 34 38 40 44 46 47 49 50
2 3 5 7 13 23 28 29 30 35 36 37 38 39 40 44 45 46 47 48 50
12 19 20 21 27 28 29 30 36 39 41 43 46 50
1 2 3 4 6 9 13 17 18 20 21 24 25 27 28 33 39 41 43 44 49 50
1 2 5 6 8 9 10 13 14 15 17 18 21 22 23 25 30 31 32 33 34 38 40 41 42 45 47 49
3 4 6 7 8 9 13 15 16 19 21 23 27 29 31 32 36 38 39 40 42 43 44 45 47
4 11 13 14 16 18 19 20 21 22 30 33 34 36 37 38 40 43 45 46 49 50
1 3 8 9 10 11 12 14 15 16 19 24 25 27 28 31 33 35 40 42 43 44
3 5 6 7 9 11 14 16 17 18 20 23 27 28 31 33 35 40 41 42
1 3 6 7 9 13 14 15 16 25 27 29 31 33 34 38 39 40 45 49
3 4 6 7 9 13 14 19 20 22 23 27 28 30 31 35 37 38 39 42 43 44 45 46 49 50
1 2 3 4 5 6 8 9 11 12 17 19 20 22 23 25 26 27 28 29 33 41 43 44 46 47 48 49
1 2 4 5 6 7 9 17 18 21 22 23 24 25 26 33 35 37 39 40 41 42 47 49 50
5 6 7 8 14 18 20 22 24 28 29 33 40 44 46
5 9 10 11 19 20 22 26 29 30 31 34
8 9 10 12 13 16 17 19 20 23 33 34 35 36 37 41 42 44 45
2 5 6 7 9 10 14 15 16 17 18 20 23 25 29 30 31 33 34 40 44 47 48
4 5 7 8 10 11 12 15 21 33 40 46 47
9 12 13 14 15 18 21 22 35 37 38 41 46 48
6 20 22 25 33 41 46 48 50
4 7 8 12 17 18 27 47
1 2 3 14 15 18 19 22 30 31 34 38 39 45 46 47 48
3 4 5 6 14 23 28 29 40 41 43 44 45 49
2 3 4 8 9 11 12 14 15 16 17 18 19 20 22 34 35 36 42 43 49
4 8 9 10 13 16 17 23 25 26 29 31 32 33 34 40 44 45 46 47 48 49 50
6 7 11 12 18 19 20 22 23 24 26 30 36 37 39 40 47 48
4 17 19 21 22 25 30 36 37 39 41 47 49
7 15 16 17 18 19 24 25 26 27 28 30 34 35 37 40 46 47 48 49
1 2 3 4 5 8 14 17 20 21 23 24 25 26 31 33 34 36 40 47 49 50
5 6 7 8 10 15 16 19 20 21 22 23 24 29 35 39 44 45 47 48 50
3 5 6 9 10 11 13 14 15 21 26 27 29 31 33 34 37 42 43 45 46 49 50
3 7 9 11 17 19 24 27 31 32 34 35 41 42 44 45 47 48 49
1 2 6 9 11 14 17 22 23 24 25 30 33 37 38 39 41 42 44 46 49
2 3 8 10 11 12 14 15 21 23 24 28 31 32 35 36 37 39 40 42 44 45 47 48
1 5 6 8 9 10 17 23 26 29 30 37 38 40 42 43 45
2 3 5 8 9 11 12 16 17 19 20 25 27 28 35 36 39 40 41 43 44 47 48
1 2 4 6 7 8 9 10 13 15 29 32 33 34 39 41 42 45 47 49 50
4 5 7 8 12 13 15 16 18 20 21 23 24 31 32 35 39 40 44 45 47 48 50
2 3 5 6 10 16 18 19 21 22 23 27 29 30 34 35 37 38
1 3 4 5 8 9 11 12 16 17 19 20 22 23 24 26 32 33 35 44
1 2 9 10 13 16 17 18 19 22 25 32 33 35 38 41 42 44 45
4 7 8 11 12 14 15 16 17 18 20 23 27 29 31 32 37 39 40 46
2 5 6 10 12 13 14 21 27 29 30 33 35 37 38 41 45 46 47 48 50
3 4 7 11 12 19 24 26 27 28 32 35 36 39 40 43 44 49
1 5 10 14 16 17 18 23 25 30 33 34 37 38 41 42 46 47
1 5 7 9 10 11 12 15 16 20 23 28 29 31 36 39 40 41 47 48
1 2 5 10 11 13 18 19 21 26 27 29 33 34 36 37 43 44 45 46 47 50
1 3 8 11 15 16 17 19 20 23 25 27 28 29 33 34 36 37 39 43 44 47 49
1 6 7 9 11 13 14 17 18 19 22 25 26 30 33 37 39 40 42 43 45 49 50
4 7 8 9 11 12 20 21 22 24 25 28 31 32 36 39 40 42 43 44 45 47 49
2 5 8 10 11 13 14 17 19 21 26 27 29 32 35 37 42 43 45
1 3 4 5 9 11 14 16 17 19 24 25 27 32 33 35 38 40 41 43 48 49
1 4 7 9 12 14 15 17 18 22 23 24 25 28 30 31 33 39 41 43 46 47 48 49
3 4 5 7 13 15 20 21 23 28 29 31 36 37 39 42 44 45 47 49
3 5 10 11 13 18 19 21 27 29 30 32 35 37 40 42 43 45
1 3 4 5 8 9 11 16 17 18 19 27 28 31 35 38 40 43 47 48 49
1 7 9 10 13 14 16 17 23 24 25 29 31 32 33 34 36 37 40 41 42 48 49 50
4 5 7 9 12 13 15 20 23 24 25 27 28 31 38 39 40 46 47 48
4 5 6 10 12 13 14 16 19 21 25 27 29 34 37 38 44 45 48 49
3 4 8 11 12 15 18 19 20 21 28 33 35 41 43 44 48 49
1 2 3 8 9 13 17 18 21 22 25 30 32 33 34 38 41 44 46 47 48 49
1 4 7 9 11 14 15 16 20 23 28 31 32 44 45 47
2 5 8 10 11 13 14 17 18 19 21 25 26 27 28 29 35 36 38 39 40 42 45 46 49
1 3 8 9 11 12 16 18 19 20 22 24 27 28 32 34 35 36 37 41 42 44 45 48 49
1 6 9 11 14 15 17 18 22 23 25 29 30 32 33 34 36 37 38 46 49 50
4 7 8 11 13 14 16 17 20 23 24 30 31 32 39 40 42 45 47 49
8 10 16 18 21 22 27 29 33 41 43 45 46 49 50
1 4 7 10 11 12 15 16 17 21 22 23 24 25 27 28 31 32 41 42 43 44 48
1 2 6 7 8 9 10 15 16 17 18 21 22 24 25 29 37 46 47 48 49 50
5 6 7 8 10 12 15 16 20 21 23 29 32 33 39 40 44 47 48
1 4 9 13 14 15 17 18 21 25 29 33 36 37 38 41 44 45 46
2 3 4 8 9 11 14 15 16 17 19 24 25 27 28 32 33 35 36 40 41 43 44 48 49
1 8 9 10 14 17 22 25 26 29 30 31 33 34 38 39 41 50
2 4 5 7 8 12 15 20 23 24 25 27 28 31 32 37 39 40 47 48
2 5 10 12 13 14 17 18 19 21 22 24 27 29 30 31 35 37 41 43 45 46 50
1 3 4 8 11 14 15 16 17 19 24 27 28 29 32 33 35 36 39 48
1 2 9 10 11 18 20 21 25 26 28 30 33 34 37 39 41 43 49 50
6 7 8 13 15 16 18 21 23 28 29 31 36 39 42 43 45 49
4 8 11 18 26 43 45 46
1 3 4 7 8 10 11 15 19 20 21 31 40 43 44 46 47 49
3 7 8 13 14 17 22 23 25 30 32 33 41 42 43 44 45 46
4 13 15 16 18 19 20 27 36 39 40 43 45 47
2 3 7 11 13 18 19 21 27 29 34 35 37 42 43 45 50
3 4 8 11 16 17 19 23 26 30 32 35 36 39 40 43 44 48
1 2 7 9 13 16 23 24 25 30 33 34 36 37 39 41 43 46 49
4 5 6 7 10 13 14 15 17 28 31 35 36 39 40 44 45 47 48
2 5 13 15 26 29 30 33 34 35 36 37 38 47
3 4 5 9 10 17 18 19 23 25 31 32 33 34 35 36
18 24 26 29 31 32 33 37 39 41 47 48 49
11 18 20 22 35 49
2 9 14 17 22 33 34 35 37 38 39 41 43
1 3 7 12 21 22 25 27
8 10 34 38 45 49
12 13 25 31 32 43
15 28 33 41 43 44
6 9 18 26 39 49
3 6 10 28 31 45
12 20 28 29 35 43
3 6 25 34 44 50
1 5 33 38 40 50
1 3 14 27 37 50
3 9 13 24 26 49
28 30 31 35 40 41
17 22 32 35 42 43
7 30 31 37 46 49
5 6 8 22 30 48
8 10 14 15 29 41
3 11 18 19 24 25
1 20 24 26 30 32
7 22 28 35 42 44
5 6 11 23 29 33
8 15 39 41 48
1 4 7 11 25 30 32 37 38 40 43 44 47
15 17 18 32 37
3 7 26 32 48
5 11 14 21 48
1 16 21 33 47
12 19 21 33 46
11 15 21 26 45
1 14 16 17 39
7 14 24 30 40
10 12 14 31 45
6 25 30 35 50
21 23 32 45 49
7 13 28 34 37
3 20 27 35 39
7 11 14 15 18
3 20 35 44 46
12 14 21 41 42
14 17 21 24
15 19 20 33
1 2 8 29
13 31 47
3 7 12 15 16 19 20 23 35 37 38 39 40 43 45 46 47 48 49
4 2 2 3 3 1 1 3 4 2 1 2 1 3 4 4 4 2 1 1 4 2 2 2 1 2 4 3 1 4 2 3 1 4 3 2 4 2 4 2 4 1 2 1 2 2 1 4 3 2 2 2 1 1 1 3 1 1 3 4 3 3 2 1 2 2 2 1 1 2 3 2 4 2 2 3 4 1 2 2 4 3 2 2 2 4 2 1 4 3 1 4 2 3 1 3 1 2 3 1 2 2 4 1 2 3 2 2 3 1 2 4 2 4 4 3 3 4 1 1 1 2 3 1 4 1 2 3 3 3 3 2 3 1 4 2 4 1 4 2 3 4 3 2 1 3 1 4 4 3 1 3 4 4 3 4 2 1 2 3 4 3 2 3 3 3 1 1 3 3 3 3 4 3 1 3 3 4 4 4 2 2 1 4 4 2 1 2 4 1 1 1 4 4 2 3 3 4 4 1 1 4 3 1 1 4 4 2 2 2 2 4 2 3 3 4 1 2 2 2 4 1 4 1 4 4 3 4 1 2 1 1 3 1 4 2 4 4 2 2 1 4 4 3 4 3 1 1 2 4 1 3 1 2 4 2 4 4 4 3 4 4 2 1 2 4 3 1 2 2 2 2 1 1 1 2 1 1 3 3 1 1 3 2 1 2 1 2 3 4 2 2 2 4 4 4 2 3 2 1 2 1 3 3 1 1 3 2 1 3 4 2 2 1 3 3 2 4 3 3 4 2 2 4 1 3 2 2 4 1 2 2 2 1 3 1 3 1 4 4 1 3 4 3 4 3 1 3 4 2 2 3 2 1 3 3 2 2 2 4 4 3 2 4 4 4 4 2 4 4 2 4 1 2 3 4 3 3 1 1 2 4 2 1 3 4 1 4 1 1 2 3 4 1 3 3 1 4 1 3 2 3 2 4 3 4 4 3 1 4 3 4 2 3 3 4 3 2 1 1 1 3 1 4 1 1 3 4 1 4 4 2 2 1 3 3 2 2 1 2 1 4 1 2 1 3 1 4 2 4 3 3 3 2 2 2 1 3 4 1 4 2 3 1 4 4 4 4 3 2 2 2 1 3 4 3 2 2 1 4 4 3 2 2 2 2 3 1 1 1 3 1 1 1 1 4 1 4 3 1
